10,91
11,91
37,91
221,91
280,91
348,91
456,91
534,91
561,91
594,91
605,91
622,91
661,91
662,91
671,91
731,91
738,91
747,91
777,91
808,91
890,91
920,91
974,91
1087,91
1100,91
1112,91
1120,91
1205,91
1227,91
1267,91
1417,91
1558,91
1587,91
1600,91
1638,91
1678,91
1731,91
1736,91
1740,91
1770,91
1791,91
1936,91
1938,91
1959,91
1980,91
2036,91
2097,91
2156,91
2163,91
2250,91
2254,91
2274,91
2281,91
2293,91
2302,91
2328,91
2341,91
2388,91
2400,91
2406,91
2412,91
2443,91
2449,91
2461,91
2477,91
2557,91
2584,91
2653,91
2660,91
2676,91
2689,91
2698,91
2725,91
2744,91
2756,91
2798,91
2811,91
2833,91
2881,91
2884,91
2982,91
3059,91
3186,91
3233,91
3270,91
3283,91
3294,91
3346,91
3402,91
3426,91
3466,91
3484,91
3494,91
3545,91
3603,91
3605,91
3763,91
3824,91
3844,91
3901,91
3908,91
