3,49
8,49
10,49
14,49
23,49
32,49
34,49
45,49
47,49
52,49
62,49
71,49
89,49
104,49
123,49
156,49
160,49
172,49
182,49
212,49
224,49
228,49
232,49
237,49
243,49
244,49
266,49
278,49
304,49
305,49
320,49
322,49
325,49
341,49
357,49
370,49
376,49
394,49
406,49
412,49
417,49
424,49
454,49
472,49
478,49
514,49
516,49
518,49
528,49
534,49
541,49
552,49
589,49
599,49
602,49
606,49
613,49
622,49
635,49
649,49
684,49
707,49
716,49
718,49
720,49
730,49
731,49
738,49
771,49
774,49
788,49
827,49
848,49
859,49
864,49
868,49
870,49
882,49
883,49
888,49
893,49
905,49
906,49
920,49
949,49
951,49
952,49
963,49
969,49
986,49
990,49
1002,49
1006,49
1013,49
1016,49
1023,49
1030,49
1039,49
1050,49
1054,49
1058,49
1061,49
1062,49
1065,49
1072,49
1083,49
1087,49
1088,49
1091,49
1100,49
1103,49
1118,49
1123,49
1127,49
1131,49
1138,49
1140,49
1147,49
1153,49
1156,49
1163,49
1166,49
1173,49
1178,49
1181,49
1196,49
1201,49
1205,49
1207,49
1214,49
1220,49
1221,49
1227,49
1228,49
1233,49
1234,49
1243,49
1246,49
1251,49
1257,49
1258,49
1260,49
1262,49
1264,49
1267,49
1270,49
1276,49
1280,49
1284,49
1300,49
1305,49
1308,49
1309,49
1311,49
1313,49
1314,49
1316,49
1336,49
1347,49
1348,49
1349,49
1352,49
1359,49
1374,49
1375,49
1377,49
1389,49
1391,49
1395,49
1404,49
1405,49
1409,49
1428,49
1434,49
1444,49
1446,49
1455,49
1464,49
1467,49
1487,49
1493,49
1498,49
1506,49
1515,49
1518,49
1533,49
1543,49
1552,49
1557,49
1558,49
1563,49
1565,49
1568,49
1570,49
1572,49
1573,49
1595,49
1596,49
1600,49
1605,49
1618,49
1630,49
1631,49
1632,49
1633,49
1634,49
1635,49
1639,49
1644,49
1645,49
1653,49
1658,49
1660,49
1662,49
1665,49
1667,49
1670,49
1685,49
1688,49
1690,49
1695,49
1698,49
1703,49
1731,49
1747,49
1748,49
1758,49
1764,49
1796,49
1799,49
1807,49
1817,49
1829,49
1834,49
1839,49
1841,49
1846,49
1851,49
1860,49
1861,49
1867,49
1868,49
1870,49
1876,49
1878,49
1887,49
1888,49
1893,49
1894,49
1895,49
1900,49
1901,49
1903,49
1905,49
1913,49
1916,49
1918,49
1920,49
1921,49
1923,49
1925,49
1928,49
1929,49
1930,49
1935,49
1938,49
1940,49
1947,49
1949,49
1956,49
1959,49
1962,49
1964,49
1971,49
1974,49
1976,49
1978,49
1981,49
1982,49
1992,49
1994,49
1999,49
2003,49
2007,49
2013,49
2018,49
2021,49
2023,49
2024,49
2028,49
2029,49
2033,49
2035,49
2036,49
2040,49
2047,49
2051,49
2057,49
2058,49
2064,49
2066,49
2071,49
2077,49
2078,49
2088,49
2090,49
2095,49
2096,49
2097,49
2100,49
2101,49
2103,49
2105,49
2120,49
2122,49
2125,49
2127,49
2130,49
2134,49
2151,49
2185,49
2196,49
2204,49
2205,49
2206,49
2207,49
2208,49
2212,49
2215,49
2217,49
2218,49
2219,49
2225,49
2227,49
2228,49
2232,49
2240,49
2242,49
2245,49
2247,49
2248,49
2259,49
2263,49
2264,49
2267,49
2272,49
2274,49
2277,49
2278,49
2281,49
2285,49
2293,49
2297,49
2302,49
2318,49
2320,49
2321,49
2322,49
2323,49
2328,49
2331,49
2336,49
2339,49
2347,49
2362,49
2363,49
2370,49
2371,49
2373,49
2374,49
2375,49
2379,49
2392,49
2395,49
2401,49
2405,49
2410,49
2412,49
2413,49
2422,49
2428,49
2432,49
2434,49
2435,49
2437,49
2441,49
2445,49
2452,49
2459,49
2463,49
2478,49
2495,49
2501,49
2506,49
2510,49
2514,49
2518,49
2533,49
2537,49
2540,49
2547,49
2557,49
2558,49
2560,49
2563,49
2565,49
2567,49
2570,49
2572,49
2573,49
2574,49
2575,49
2576,49
2577,49
2580,49
2582,49
2592,49
2602,49
2604,49
2607,49
2608,49
2614,49
2615,49
2616,49
2617,49
2629,49
2630,49
2633,49
2636,49
2638,49
2644,49
2651,49
2654,49
2656,49
2665,49
2672,49
2677,49
2686,49
2687,49
2692,49
2695,49
2698,49
2700,49
2707,49
2708,49
2710,49
2715,49
2722,49
2732,49
2733,49
2735,49
2736,49
2742,49
2746,49
2756,49
2757,49
2760,49
2769,49
2771,49
2772,49
2776,49
2778,49
2779,49
2788,49
2789,49
2790,49
2791,49
2798,49
2804,49
2809,49
2814,49
2817,49
2820,49
2833,49
2835,49
2837,49
2838,49
2847,49
2850,49
2852,49
2862,49
2864,49
2865,49
2869,49
2873,49
2875,49
2881,49
2884,49
2903,49
2915,49
2921,49
2924,49
2926,49
2933,49
2935,49
2936,49
2937,49
2938,49
2945,49
2947,49
2951,49
2953,49
2956,49
2959,49
2966,49
2968,49
2970,49
2989,49
2990,49
2991,49
2992,49
2997,49
3005,49
3008,49
3009,49
3015,49
3018,49
3032,49
3034,49
3036,49
3044,49
3045,49
3055,49
3058,49
3059,49
3066,49
3070,49
3074,49
3080,49
3081,49
3084,49
3089,49
3096,49
3101,49
3106,49
3108,49
3124,49
3125,49
3128,49
3131,49
3138,49
3149,49
3155,49
3168,49
3170,49
3171,49
3173,49
3178,49
3180,49
3183,49
3188,49
3190,49
3191,49
3195,49
3199,49
3203,49
3208,49
3209,49
3211,49
3214,49
3216,49
3219,49
3231,49
3243,49
3257,49
3262,49
3266,49
3270,49
3279,49
3282,49
3283,49
3294,49
3298,49
3301,49
3302,49
3305,49
3309,49
3310,49
3313,49
3317,49
3319,49
3328,49
3333,49
3335,49
3341,49
3345,49
3346,49
3347,49
3351,49
3354,49
3357,49
3358,49
3359,49
3369,49
3371,49
3375,49
3377,49
3382,49
3383,49
3388,49
3391,49
3395,49
3396,49
3404,49
3406,49
3410,49
3416,49
3417,49
3422,49
3427,49
3430,49
3435,49
3437,49
3460,49
3461,49
3462,49
3466,49
3468,49
3470,49
3474,49
3479,49
3489,49
3496,49
3498,49
3515,49
3516,49
3519,49
3522,49
3529,49
3533,49
3541,49
3545,49
3546,49
3550,49
3561,49
3563,49
3571,49
3577,49
3581,49
3582,49
3588,49
3589,49
3593,49
3594,49
3596,49
3597,49
3598,49
3600,49
3607,49
3608,49
3609,49
3610,49
3613,49
3614,49
3619,49
3620,49
3621,49
3622,49
3623,49
3632,49
3637,49
3640,49
3641,49
3642,49
3647,49
3654,49
3655,49
3659,49
3662,49
3668,49
3670,49
3680,49
3683,49
3695,49
3696,49
3701,49
3702,49
3705,49
3709,49
3710,49
3712,49
3722,49
3734,49
3742,49
3744,49
3749,49
3750,49
3751,49
3753,49
3756,49
3762,49
3766,49
3772,49
3774,49
3776,49
3784,49
3788,49
3798,49
3801,49
3802,49
3804,49
3805,49
3806,49
3807,49
3812,49
3815,49
3817,49
3823,49
3826,49
3830,49
3841,49
3853,49
3855,49
3856,49
3858,49
3860,49
3865,49
3875,49
3884,49
3889,49
3891,49
3906,49
3907,49
3909,49
3912,49
3913,49
3919,49
3921,49
3924,49
3928,49
3931,49
3941,49
3942,49
