11,48
28,48
30,48
35,48
58,48
73,48
76,48
87,48
91,48
101,48
103,48
113,48
119,48
152,48
155,48
167,48
175,48
187,48
189,48
194,48
198,48
219,48
222,48
236,48
264,48
265,48
276,48
279,48
283,48
287,48
288,48
291,48
302,48
313,48
316,48
327,48
336,48
338,48
344,48
350,48
355,48
360,48
365,48
367,48
378,48
379,48
391,48
397,48
401,48
407,48
409,48
415,48
418,48
422,48
423,48
436,48
455,48
481,48
482,48
487,48
489,48
498,48
502,48
526,48
531,48
536,48
537,48
540,48
555,48
560,48
561,48
570,48
573,48
587,48
591,48
592,48
593,48
594,48
609,48
611,48
614,48
625,48
632,48
633,48
636,48
639,48
643,48
645,48
656,48
660,48
696,48
724,48
751,48
759,48
770,48
773,48
784,48
792,48
793,48
820,48
822,48
825,48
838,48
840,48
844,48
874,48
878,48
898,48
900,48
904,48
907,48
916,48
922,48
924,48
926,48
927,48
937,48
943,48
944,48
948,48
956,48
1000,48
1003,48
1004,48
1005,48
1020,48
1026,48
1036,48
1057,48
1064,48
1071,48
1076,48
1078,48
1089,48
1093,48
1098,48
1102,48
1105,48
1108,48
1110,48
1114,48
1129,48
1135,48
1150,48
1155,48
1157,48
1159,48
1160,48
1165,48
1168,48
1186,48
1187,48
1188,48
1195,48
1204,48
1216,48
1218,48
1224,48
1225,48
1230,48
1232,48
1235,48
1240,48
1244,48
1245,48
1248,48
1250,48
1254,48
1265,48
1268,48
1274,48
1281,48
1285,48
1293,48
1294,48
1298,48
1299,48
1303,48
1310,48
1318,48
1319,48
1321,48
1326,48
1342,48
1343,48
1357,48
1361,48
1364,48
1369,48
1371,48
1383,48
1392,48
1416,48
1421,48
1423,48
1425,48
1431,48
1440,48
1442,48
1449,48
1465,48
1470,48
1474,48
1475,48
1481,48
1489,48
1497,48
1501,48
1504,48
1507,48
1512,48
1513,48
1516,48
1522,48
1536,48
1540,48
1545,48
1547,48
1549,48
1551,48
1560,48
1569,48
1578,48
1580,48
1588,48
1589,48
1592,48
1602,48
1612,48
1617,48
1637,48
1642,48
1643,48
1646,48
1652,48
1655,48
1674,48
1678,48
1683,48
1686,48
1692,48
1693,48
1696,48
1705,48
1708,48
1717,48
1723,48
1726,48
1735,48
1738,48
1740,48
1743,48
1755,48
1759,48
1761,48
1765,48
1767,48
1771,48
1774,48
1778,48
1779,48
1780,48
1813,48
1815,48
1820,48
1832,48
1844,48
1858,48
1862,48
1864,48
1872,48
1877,48
1879,48
1889,48
1899,48
1904,48
1906,48
1909,48
1910,48
1911,48
1912,48
1915,48
1924,48
1931,48
1933,48
1936,48
1950,48
1960,48
1967,48
1987,48
1990,48
1998,48
2000,48
2005,48
2008,48
2011,48
2012,48
2014,48
2015,48
2019,48
2025,48
2026,48
2038,48
2041,48
2043,48
2046,48
2072,48
2073,48
2084,48
2092,48
2094,48
2104,48
2111,48
2114,48
2117,48
2121,48
2124,48
2138,48
2139,48
2146,48
2149,48
2158,48
2164,48
2165,48
2171,48
2173,48
2175,48
2176,48
2179,48
2180,48
2181,48
2182,48
2183,48
2189,48
2190,48
2192,48
2193,48
2198,48
2214,48
2220,48
2221,48
2223,48
2230,48
2238,48
2241,48
2249,48
2255,48
2256,48
2262,48
2268,48
2273,48
2279,48
2286,48
2292,48
2309,48
2310,48
2313,48
2317,48
2326,48
2329,48
2333,48
2337,48
2340,48
2348,48
2354,48
2365,48
2368,48
2369,48
2377,48
2381,48
2387,48
2388,48
2391,48
2397,48
2400,48
2414,48
2418,48
2423,48
2424,48
2429,48
2450,48
2462,48
2467,48
2474,48
2477,48
2479,48
2484,48
2492,48
2494,48
2496,48
2498,48
2502,48
2504,48
2508,48
2511,48
2513,48
2517,48
2523,48
2524,48
2528,48
2529,48
2541,48
2550,48
2551,48
2552,48
2553,48
2556,48
2559,48
2561,48
2562,48
2564,48
2566,48
2568,48
2569,48
2571,48
2579,48
2583,48
2589,48
2596,48
2598,48
2605,48
2610,48
2611,48
2613,48
2619,48
2623,48
2632,48
2635,48
2637,48
2640,48
2646,48
2652,48
2653,48
2657,48
2660,48
2661,48
2662,48
2663,48
2666,48
2669,48
2673,48
2676,48
2678,48
2684,48
2689,48
2694,48
2702,48
2703,48
2711,48
2713,48
2714,48
2717,48
2718,48
2728,48
2729,48
2730,48
2749,48
2758,48
2765,48
2773,48
2775,48
2777,48
2781,48
2783,48
2784,48
2786,48
2787,48
2797,48
2800,48
2823,48
2824,48
2829,48
2830,48
2832,48
2834,48
2851,48
2853,48
2854,48
2856,48
2858,48
2872,48
2880,48
2883,48
2891,48
2894,48
2895,48
2898,48
2901,48
2914,48
2927,48
2931,48
2934,48
2941,48
2946,48
2957,48
2967,48
2983,48
2984,48
2986,48
3004,48
3006,48
3012,48
3016,48
3017,48
3020,48
3027,48
3028,48
3042,48
3046,48
3053,48
3057,48
3061,48
3062,48
3063,48
3068,48
3075,48
3082,48
3091,48
3092,48
3100,48
3103,48
3104,48
3113,48
3121,48
3122,48
3123,48
3126,48
3134,48
3135,48
3144,48
3145,48
3159,48
3160,48
3161,48
3164,48
3167,48
3175,48
3176,48
3181,48
3182,48
3184,48
3186,48
3187,48
3189,48
3193,48
3197,48
3198,48
3200,48
3213,48
3225,48
3236,48
3246,48
3251,48
3254,48
3256,48
3264,48
3265,48
3268,48
3272,48
3274,48
3276,48
3278,48
3284,48
3290,48
3293,48
3295,48
3299,48
3306,48
3320,48
3324,48
3325,48
3332,48
3337,48
3343,48
3344,48
3360,48
3366,48
3367,48
3368,48
3372,48
3376,48
3379,48
3380,48
3381,48
3384,48
3385,48
3393,48
3397,48
3401,48
3402,48
3408,48
3411,48
3412,48
3413,48
3415,48
3420,48
3424,48
3426,48
3428,48
3433,48
3442,48
3444,48
3445,48
3447,48
3448,48
3449,48
3451,48
3454,48
3459,48
3463,48
3469,48
3476,48
3482,48
3487,48
3488,48
3491,48
3502,48
3504,48
3505,48
3510,48
3517,48
3521,48
3523,48
3525,48
3526,48
3527,48
3537,48
3538,48
3542,48
3543,48
3549,48
3552,48
3558,48
3568,48
3569,48
3574,48
3580,48
3587,48
3599,48
3601,48
3606,48
3618,48
3630,48
3631,48
3638,48
3651,48
3653,48
3660,48
3663,48
3664,48
3665,48
3669,48
3672,48
3673,48
3694,48
3700,48
3703,48
3706,48
3707,48
3708,48
3719,48
3720,48
3730,48
3735,48
3737,48
3741,48
3743,48
3745,48
3752,48
3754,48
3758,48
3761,48
3769,48
3771,48
3773,48
3779,48
3781,48
3783,48
3787,48
3791,48
3792,48
3793,48
3794,48
3808,48
3816,48
3827,48
3828,48
3829,48
3834,48
3836,48
3838,48
3839,48
3843,48
3857,48
3859,48
3861,48
3864,48
3868,48
3871,48
3876,48
3877,48
3878,48
3885,48
3886,48
3887,48
3899,48
3902,48
3917,48
3918,48
3922,48
3926,48
3927,48
3929,48
3932,48
3933,48
3934,48
3935,48
3938,48
3943,48
3944,48
3948,48
