1,46
9,46
21,46
38,46
70,46
85,46
86,46
92,46
114,46
132,46
140,46
190,46
199,46
200,46
206,46
251,46
255,46
258,46
263,46
271,46
273,46
280,46
342,46
345,46
347,46
359,46
363,46
388,46
398,46
414,46
437,46
438,46
442,46
450,46
456,46
461,46
494,46
500,46
504,46
523,46
533,46
535,46
554,46
585,46
626,46
657,46
661,46
671,46
683,46
691,46
699,46
708,46
710,46
717,46
733,46
750,46
756,46
763,46
777,46
786,46
807,46
824,46
830,46
850,46
869,46
877,46
886,46
908,46
910,46
911,46
912,46
913,46
914,46
923,46
934,46
939,46
961,46
965,46
979,46
981,46
1008,46
1010,46
1017,46
1033,46
1048,46
1060,46
1063,46
1067,46
1070,46
1111,46
1113,46
1139,46
1141,46
1149,46
1151,46
1152,46
1154,46
1167,46
1169,46
1170,46
1171,46
1175,46
1189,46
1198,46
1202,46
1211,46
1212,46
1222,46
1231,46
1237,46
1241,46
1247,46
1256,46
1259,46
1275,46
1296,46
1301,46
1317,46
1337,46
1345,46
1350,46
1358,46
1373,46
1387,46
1397,46
1398,46
1399,46
1412,46
1419,46
1432,46
1445,46
1448,46
1456,46
1458,46
1460,46
1468,46
1480,46
1483,46
1488,46
1502,46
1509,46
1517,46
1519,46
1537,46
1571,46
1574,46
1575,46
1577,46
1581,46
1583,46
1585,46
1597,46
1604,46
1608,46
1609,46
1627,46
1638,46
1668,46
1669,46
1673,46
1682,46
1684,46
1700,46
1702,46
1713,46
1722,46
1728,46
1746,46
1753,46
1754,46
1756,46
1763,46
1786,46
1787,46
1789,46
1791,46
1797,46
1812,46
1814,46
1823,46
1827,46
1831,46
1856,46
1866,46
1884,46
1885,46
1886,46
1917,46
1934,46
1942,46
1954,46
1961,46
1977,46
1983,46
1984,46
1985,46
1996,46
2001,46
2037,46
2048,46
2049,46
2050,46
2053,46
2055,46
2060,46
2075,46
2082,46
2093,46
2102,46
2107,46
2108,46
2115,46
2119,46
2128,46
2140,46
2145,46
2150,46
2155,46
2156,46
2160,46
2167,46
2188,46
2191,46
2194,46
2216,46
2244,46
2254,46
2261,46
2283,46
2284,46
2289,46
2298,46
2304,46
2308,46
2334,46
2341,46
2350,46
2353,46
2360,46
2384,46
2399,46
2406,46
2419,46
2430,46
2431,46
2436,46
2440,46
2449,46
2461,46
2466,46
2472,46
2483,46
2487,46
2497,46
2503,46
2521,46
2526,46
2530,46
2534,46
2535,46
2591,46
2595,46
2603,46
2606,46
2609,46
2612,46
2620,46
2624,46
2626,46
2645,46
2647,46
2670,46
2675,46
2683,46
2712,46
2726,46
2731,46
2744,46
2770,46
2780,46
2785,46
2793,46
2826,46
2827,46
2828,46
2831,46
2848,46
2861,46
2866,46
2867,46
2874,46
2878,46
2879,46
2882,46
2888,46
2905,46
2916,46
2940,46
2942,46
2952,46
2969,46
2982,46
2987,46
2988,46
2993,46
2998,46
3001,46
3022,46
3026,46
3029,46
3031,46
3039,46
3049,46
3054,46
3056,46
3072,46
3076,46
3079,46
3088,46
3090,46
3099,46
3117,46
3136,46
3140,46
3143,46
3148,46
3154,46
3163,46
3165,46
3177,46
3206,46
3222,46
3224,46
3226,46
3229,46
3232,46
3238,46
3245,46
3253,46
3260,46
3287,46
3307,46
3311,46
3327,46
3331,46
3342,46
3374,46
3389,46
3392,46
3399,46
3432,46
3439,46
3441,46
3457,46
3465,46
3478,46
3483,46
3495,46
3524,46
3530,46
3532,46
3540,46
3567,46
3585,46
3586,46
3615,46
3617,46
3629,46
3649,46
3657,46
3725,46
3726,46
3759,46
3763,46
3764,46
3765,46
3770,46
3780,46
3782,46
3796,46
3813,46
3824,46
3831,46
3840,46
3849,46
3854,46
3873,46
3882,46
3894,46
3896,46
3898,46
3910,46
3925,46
3936,46
3946,46
