3,11
11,11
43,11
76,11
93,11
104,11
113,11
119,11
130,11
147,11
155,11
156,11
177,11
198,11
213,11
221,11
224,11
237,11
252,11
263,11
285,11
298,11
299,11
304,11
315,11
331,11
334,11
339,11
354,11
357,11
367,11
375,11
379,11
382,11
388,11
402,11
405,11
406,11
413,11
419,11
427,11
428,11
434,11
435,11
442,11
453,11
467,11
474,11
492,11
506,11
511,11
514,11
520,11
530,11
547,11
550,11
560,11
568,11
571,11
574,11
576,11
578,11
590,11
596,11
598,11
608,11
618,11
624,11
625,11
636,11
650,11
664,11
667,11
669,11
675,11
680,11
683,11
687,11
691,11
693,11
725,11
726,11
730,11
751,11
759,11
767,11
774,11
784,11
791,11
799,11
811,11
846,11
871,11
881,11
885,11
889,11
890,11
891,11
894,11
898,11
902,11
906,11
916,11
922,11
923,11
929,11
932,11
935,11
936,11
938,11
941,11
944,11
960,11
961,11
967,11
987,11
993,11
1027,11
1029,11
1052,11
1055,11
1082,11
1097,11
1113,11
1130,11
1149,11
1150,11
1154,11
1155,11
1210,11
1227,11
1244,11
1250,11
1252,11
1259,11
1268,11
1272,11
1280,11
1310,11
1317,11
1333,11
1337,11
1338,11
1368,11
1381,11
1382,11
1391,11
1410,11
1419,11
1480,11
1493,11
1519,11
1528,11
1531,11
1542,11
1549,11
1560,11
1561,11
1568,11
1587,11
1612,11
1621,11
1624,11
1627,11
1628,11
1675,11
1679,11
1702,11
1721,11
1731,11
1752,11
1775,11
1778,11
1784,11
1793,11
1815,11
1829,11
1830,11
1834,11
1852,11
1856,11
1857,11
1865,11
1869,11
1881,11
1884,11
1890,11
1962,11
1983,11
2005,11
2013,11
2041,11
2045,11
2074,11
2086,11
2105,11
2108,11
2160,11
2161,11
2174,11
2181,11
2186,11
2194,11
2233,11
2248,11
2286,11
2291,11
2309,11
2324,11
2332,11
2342,11
2386,11
2387,11
2406,11
2407,11
2409,11
2414,11
2416,11
2418,11
2419,11
2423,11
2435,11
2462,11
2501,11
2513,11
2535,11
2543,11
2556,11
2586,11
2589,11
2611,11
2618,11
2640,11
2666,11
2673,11
2689,11
2760,11
2774,11
2784,11
2808,11
2810,11
2850,11
2853,11
2861,11
2866,11
2896,11
2931,11
2938,11
2946,11
2947,11
2986,11
2990,11
3003,11
3021,11
3027,11
3030,11
3032,11
3035,11
3038,11
3047,11
3069,11
3094,11
3100,11
3106,11
3109,11
3148,11
3149,11
3205,11
3210,11
3224,11
3229,11
3230,11
3236,11
3240,11
3250,11
3287,11
3290,11
3308,11
3312,11
3329,11
3336,11
3340,11
3349,11
3394,11
3444,11
3459,11
3465,11
3470,11
3484,11
3496,11
3497,11
3511,11
3530,11
3550,11
3625,11
3629,11
3648,11
3654,11
3676,11
3689,11
3717,11
3733,11
3736,11
3745,11
3764,11
3771,11
3795,11
3831,11
3895,11
3920,11
3926,11
3939,11
