10,24
17,24
22,24
29,24
33,24
36,24
37,24
47,24
50,24
56,24
61,24
70,24
94,24
100,24
103,24
104,24
106,24
113,24
133,24
138,24
140,24
145,24
149,24
153,24
154,24
156,24
159,24
163,24
170,24
179,24
181,24
182,24
189,24
198,24
199,24
200,24
205,24
207,24
208,24
214,24
215,24
216,24
219,24
232,24
236,24
258,24
260,24
269,24
277,24
278,24
280,24
283,24
285,24
288,24
290,24
297,24
299,24
304,24
313,24
314,24
316,24
325,24
342,24
344,24
346,24
359,24
368,24
379,24
380,24
387,24
415,24
423,24
424,24
431,24
437,24
447,24
468,24
471,24
477,24
487,24
491,24
497,24
503,24
504,24
510,24
512,24
514,24
515,24
516,24
518,24
536,24
537,24
541,24
542,24
555,24
565,24
582,24
585,24
587,24
588,24
590,24
594,24
599,24
625,24
634,24
635,24
638,24
639,24
641,24
644,24
650,24
673,24
675,24
678,24
679,24
688,24
704,24
716,24
717,24
719,24
728,24
736,24
738,24
740,24
742,24
743,24
758,24
760,24
763,24
788,24
793,24
798,24
806,24
812,24
825,24
837,24
838,24
845,24
853,24
855,24
865,24
866,24
878,24
884,24
893,24
895,24
899,24
900,24
901,24
904,24
908,24
914,24
920,24
922,24
927,24
928,24
931,24
937,24
938,24
939,24
953,24
955,24
978,24
987,24
988,24
990,24
995,24
1003,24
1006,24
1008,24
1011,24
1013,24
1016,24
1017,24
1026,24
1027,24
1028,24
1036,24
1040,24
1045,24
1049,24
1055,24
1056,24
1058,24
1059,24
1060,24
1061,24
1063,24
1068,24
1069,24
1070,24
1076,24
1077,24
1078,24
1080,24
1082,24
1085,24
1096,24
1097,24
1098,24
1105,24
1108,24
1109,24
1111,24
1113,24
1133,24
1139,24
1143,24
1146,24
1150,24
1156,24
1166,24
1167,24
1168,24
1170,24
1171,24
1172,24
1173,24
1176,24
1177,24
1178,24
1180,24
1181,24
1183,24
1185,24
1186,24
1189,24
1190,24
1192,24
1193,24
1194,24
1195,24
1221,24
1222,24
1225,24
1226,24
1227,24
1229,24
1232,24
1233,24
1234,24
1237,24
1239,24
1251,24
1254,24
1258,24
1264,24
1266,24
1267,24
1269,24
1270,24
1271,24
1274,24
1275,24
1278,24
1281,24
1288,24
1289,24
1291,24
1292,24
1293,24
1294,24
1296,24
1298,24
1302,24
1309,24
1314,24
1315,24
1317,24
1318,24
1322,24
1324,24
1350,24
1357,24
1358,24
1360,24
1368,24
1370,24
1374,24
1384,24
1385,24
1386,24
1389,24
1390,24
1394,24
1399,24
1401,24
1406,24
1407,24
1421,24
1423,24
1434,24
1437,24
1441,24
1457,24
1460,24
1463,24
1474,24
1475,24
1476,24
1481,24
1490,24
1492,24
1495,24
1496,24
1498,24
1500,24
1502,24
1507,24
1508,24
1511,24
1516,24
1520,24
1522,24
1526,24
1527,24
1529,24
1533,24
1537,24
1539,24
1543,24
1544,24
1548,24
1551,24
1553,24
1558,24
1565,24
1566,24
1570,24
1573,24
1578,24
1579,24
1582,24
1584,24
1585,24
1588,24
1594,24
1597,24
1600,24
1601,24
1602,24
1604,24
1605,24
1607,24
1609,24
1618,24
1622,24
1626,24
1627,24
1631,24
1634,24
1635,24
1648,24
1657,24
1659,24
1661,24
1663,24
1673,24
1680,24
1682,24
1683,24
1688,24
1692,24
1701,24
1703,24
1706,24
1720,24
1723,24
1728,24
1730,24
1734,24
1735,24
1736,24
1740,24
1745,24
1755,24
1761,24
1766,24
1771,24
1773,24
1777,24
1778,24
1780,24
1782,24
1793,24
1794,24
1796,24
1805,24
1807,24
1808,24
1809,24
1812,24
1816,24
1819,24
1825,24
1827,24
1828,24
1831,24
1836,24
1839,24
1843,24
1851,24
1852,24
1853,24
1857,24
1858,24
1865,24
1866,24
1867,24
1868,24
1869,24
1870,24
1873,24
1875,24
1883,24
1892,24
1893,24
1894,24
1899,24
1905,24
1909,24
1910,24
1915,24
1917,24
1918,24
1919,24
1920,24
1923,24
1926,24
1927,24
1933,24
1937,24
1946,24
1952,24
1954,24
1955,24
1956,24
1961,24
1968,24
1969,24
1974,24
1978,24
1980,24
1982,24
1984,24
1985,24
1986,24
1987,24
1989,24
1991,24
1995,24
1999,24
2003,24
2005,24
2008,24
2010,24
2015,24
2018,24
2024,24
2027,24
2028,24
2032,24
2033,24
2035,24
2038,24
2040,24
2041,24
2044,24
2046,24
2048,24
2049,24
2050,24
2051,24
2056,24
2057,24
2059,24
2065,24
2068,24
2070,24
2077,24
2081,24
2087,24
2088,24
2094,24
2095,24
2096,24
2097,24
2098,24
2101,24
2102,24
2103,24
2104,24
2105,24
2107,24
2108,24
2113,24
2114,24
2118,24
2120,24
2125,24
2127,24
2128,24
2129,24
2130,24
2133,24
2135,24
2137,24
2149,24
2150,24
2155,24
2157,24
2160,24
2166,24
2167,24
2168,24
2170,24
2175,24
2177,24
2181,24
2182,24
2187,24
2190,24
2198,24
2202,24
2204,24
2205,24
2209,24
2211,24
2217,24
2220,24
2227,24
2228,24
2231,24
2232,24
2235,24
2237,24
2239,24
2240,24
2244,24
2245,24
2247,24
2253,24
2255,24
2261,24
2262,24
2269,24
2270,24
2274,24
2276,24
2277,24
2280,24
2282,24
2283,24
2284,24
2289,24
2290,24
2291,24
2295,24
2297,24
2298,24
2299,24
2300,24
2302,24
2306,24
2308,24
2310,24
2313,24
2316,24
2318,24
2319,24
2323,24
2324,24
2328,24
2330,24
2335,24
2336,24
2337,24
2338,24
2339,24
2340,24
2344,24
2346,24
2347,24
2349,24
2350,24
2361,24
2362,24
2363,24
2365,24
2367,24
2372,24
2373,24
2374,24
2376,24
2378,24
2379,24
2380,24
2381,24
2384,24
2386,24
2387,24
2388,24
2390,24
2393,24
2400,24
2402,24
2405,24
2411,24
2414,24
2415,24
2418,24
2427,24
2430,24
2433,24
2437,24
2438,24
2439,24
2440,24
2441,24
2446,24
2447,24
2448,24
2452,24
2453,24
2454,24
2455,24
2462,24
2467,24
2470,24
2477,24
2480,24
2486,24
2487,24
2497,24
2504,24
2505,24
2507,24
2508,24
2512,24
2516,24
2520,24
2522,24
2523,24
2527,24
2528,24
2530,24
2534,24
2536,24
2540,24
2545,24
2549,24
2551,24
2553,24
2554,24
2556,24
2557,24
2563,24
2564,24
2565,24
2566,24
2567,24
2570,24
2571,24
2572,24
2575,24
2577,24
2581,24
2583,24
2592,24
2595,24
2599,24
2602,24
2603,24
2604,24
2608,24
2610,24
2612,24
2614,24
2615,24
2616,24
2617,24
2619,24
2621,24
2623,24
2625,24
2626,24
2629,24
2632,24
2635,24
2638,24
2640,24
2642,24
2643,24
2648,24
2650,24
2658,24
2661,24
2664,24
2666,24
2672,24
2675,24
2677,24
2678,24
2680,24
2684,24
2690,24
2691,24
2695,24
2698,24
2699,24
2700,24
2701,24
2703,24
2706,24
2709,24
2719,24
2720,24
2723,24
2724,24
2731,24
2734,24
2735,24
2739,24
2741,24
2748,24
2751,24
2752,24
2757,24
2762,24
2763,24
2767,24
2768,24
2769,24
2777,24
2779,24
2780,24
2785,24
2787,24
2788,24
2803,24
2804,24
2806,24
2807,24
2811,24
2812,24
2813,24
2817,24
2818,24
2819,24
2820,24
2823,24
2826,24
2827,24
2830,24
2833,24
2840,24
2841,24
2843,24
2845,24
2850,24
2851,24
2852,24
2853,24
2855,24
2857,24
2860,24
2861,24
2862,24
2863,24
2864,24
2865,24
2870,24
2873,24
2875,24
2881,24
2884,24
2887,24
2890,24
2898,24
2899,24
2901,24
2904,24
2905,24
2906,24
2909,24
2915,24
2920,24
2921,24
2924,24
2927,24
2931,24
2933,24
2935,24
2938,24
2940,24
2942,24
2945,24
2947,24
2948,24
2952,24
2954,24
2956,24
2960,24
2963,24
2967,24
2968,24
2969,24
2973,24
2974,24
2980,24
2981,24
2983,24
2986,24
2989,24
2997,24
2999,24
3000,24
3005,24
3006,24
3007,24
3008,24
3011,24
3016,24
3017,24
3020,24
3024,24
3026,24
3029,24
3032,24
3033,24
3034,24
3035,24
3036,24
3044,24
3049,24
3051,24
3052,24
3054,24
3056,24
3058,24
3059,24
3060,24
3066,24
3067,24
3069,24
3073,24
3075,24
3080,24
3081,24
3082,24
3083,24
3084,24
3090,24
3091,24
3096,24
3100,24
3101,24
3102,24
3106,24
3107,24
3109,24
3111,24
3112,24
3113,24
3115,24
3116,24
3118,24
3119,24
3120,24
3123,24
3128,24
3130,24
3131,24
3137,24
3145,24
3146,24
3149,24
3153,24
3158,24
3161,24
3163,24
3164,24
3165,24
3166,24
3170,24
3172,24
3174,24
3175,24
3180,24
3181,24
3182,24
3183,24
3184,24
3186,24
3189,24
3191,24
3192,24
3194,24
3203,24
3207,24
3211,24
3212,24
3213,24
3217,24
3218,24
3224,24
3238,24
3241,24
3242,24
3243,24
3245,24
3246,24
3247,24
3252,24
3253,24
3255,24
3257,24
3260,24
3262,24
3265,24
3267,24
3271,24
3273,24
3279,24
3281,24
3283,24
3284,24
3285,24
3287,24
3289,24
3291,24
3297,24
3300,24
3305,24
3312,24
3314,24
3317,24
3318,24
3319,24
3327,24
3330,24
3331,24
3333,24
3337,24
3340,24
3343,24
3345,24
3348,24
3350,24
3365,24
3367,24
3369,24
3375,24
3376,24
3377,24
3379,24
3380,24
3382,24
3383,24
3384,24
3386,24
3387,24
3388,24
3391,24
3392,24
3393,24
3395,24
3396,24
3399,24
3401,24
3402,24
3404,24
3405,24
3406,24
3407,24
3411,24
3413,24
3415,24
3417,24
3420,24
3423,24
3426,24
3429,24
3432,24
3438,24
3439,24
3441,24
3442,24
3447,24
3448,24
3449,24
3453,24
3457,24
3458,24
3459,24
3460,24
3461,24
3462,24
3463,24
3466,24
3467,24
3468,24
3470,24
3472,24
3474,24
3476,24
3477,24
3482,24
3483,24
3484,24
3485,24
3487,24
3488,24
3489,24
3491,24
3493,24
3495,24
3498,24
3504,24
3505,24
3508,24
3509,24
3510,24
3512,24
3517,24
3518,24
3519,24
3521,24
3522,24
3523,24
3525,24
3527,24
3532,24
3534,24
3535,24
3538,24
3540,24
3542,24
3544,24
3545,24
3546,24
3547,24
3557,24
3558,24
3560,24
3563,24
3564,24
3565,24
3567,24
3568,24
3569,24
3573,24
3579,24
3580,24
3581,24
3584,24
3586,24
3588,24
3591,24
3593,24
3594,24
3596,24
3597,24
3599,24
3600,24
3602,24
3604,24
3610,24
3611,24
3612,24
3613,24
3614,24
3615,24
3616,24
3619,24
3620,24
3621,24
3622,24
3624,24
3628,24
3635,24
3637,24
3638,24
3641,24
3642,24
3643,24
3644,24
3645,24
3647,24
3649,24
3650,24
3652,24
3653,24
3656,24
3658,24
3659,24
3662,24
3663,24
3664,24
3665,24
3666,24
3672,24
3674,24
3675,24
3677,24
3679,24
3680,24
3686,24
3687,24
3688,24
3693,24
3696,24
3697,24
3701,24
3703,24
3704,24
3706,24
3712,24
3715,24
3716,24
3720,24
3723,24
3730,24
3731,24
3736,24
3737,24
3743,24
3744,24
3746,24
3747,24
3750,24
3751,24
3759,24
3760,24
3764,24
3765,24
3771,24
3772,24
3774,24
3785,24
3791,24
3797,24
3801,24
3804,24
3809,24
3812,24
3816,24
3817,24
3823,24
3825,24
3827,24
3834,24
3835,24
3836,24
3837,24
3839,24
3841,24
3842,24
3848,24
3852,24
3856,24
3857,24
3858,24
3860,24
3861,24
3865,24
3867,24
3872,24
3873,24
3874,24
3875,24
3876,24
3878,24
3880,24
3885,24
3886,24
3888,24
3890,24
3892,24
3894,24
3895,24
3896,24
3898,24
3901,24
3902,24
3905,24
3909,24
3910,24
3912,24
3913,24
3915,24
3916,24
3918,24
3922,24
3926,24
3928,24
3930,24
3932,24
3933,24
3935,24
3936,24
3941,24
3942,24
3943,24
3949,24
3950,24
