2,23
18,23
23,23
30,23
32,23
39,23
42,23
44,23
48,23
54,23
60,23
69,23
73,23
76,23
83,23
84,23
86,23
90,23
93,23
97,23
110,23
117,23
141,23
152,23
164,23
173,23
185,23
186,23
195,23
196,23
202,23
203,23
206,23
213,23
226,23
228,23
233,23
238,23
249,23
259,23
264,23
284,23
287,23
291,23
294,23
332,23
340,23
343,23
348,23
350,23
353,23
357,23
363,23
365,23
371,23
373,23
390,23
391,23
392,23
396,23
401,23
416,23
420,23
422,23
438,23
450,23
461,23
465,23
466,23
470,23
495,23
496,23
502,23
509,23
513,23
525,23
526,23
528,23
538,23
552,23
570,23
581,23
584,23
592,23
605,23
606,23
614,23
615,23
619,23
621,23
655,23
659,23
660,23
681,23
691,23
693,23
746,23
754,23
770,23
773,23
778,23
786,23
790,23
817,23
840,23
844,23
869,23
875,23
881,23
886,23
916,23
925,23
932,23
973,23
974,23
991,23
1004,23
1007,23
1010,23
1018,23
1030,23
1035,23
1039,23
1048,23
1053,23
1054,23
1057,23
1062,23
1065,23
1067,23
1073,23
1074,23
1081,23
1084,23
1088,23
1091,23
1094,23
1100,23
1106,23
1107,23
1110,23
1114,23
1116,23
1117,23
1123,23
1125,23
1140,23
1142,23
1147,23
1148,23
1151,23
1153,23
1159,23
1162,23
1175,23
1187,23
1188,23
1196,23
1197,23
1200,23
1201,23
1202,23
1205,23
1207,23
1208,23
1210,23
1212,23
1213,23
1216,23
1223,23
1230,23
1235,23
1236,23
1240,23
1245,23
1250,23
1253,23
1261,23
1262,23
1268,23
1276,23
1284,23
1308,23
1310,23
1316,23
1319,23
1323,23
1334,23
1335,23
1336,23
1338,23
1342,23
1345,23
1348,23
1355,23
1356,23
1361,23
1366,23
1375,23
1376,23
1377,23
1380,23
1398,23
1402,23
1408,23
1416,23
1425,23
1427,23
1432,23
1442,23
1444,23
1448,23
1458,23
1461,23
1468,23
1470,23
1472,23
1473,23
1483,23
1488,23
1493,23
1497,23
1504,23
1515,23
1524,23
1532,23
1536,23
1540,23
1546,23
1556,23
1567,23
1576,23
1580,23
1581,23
1583,23
1587,23
1595,23
1598,23
1616,23
1623,23
1625,23
1632,23
1637,23
1639,23
1642,23
1644,23
1645,23
1646,23
1652,23
1660,23
1662,23
1667,23
1671,23
1685,23
1690,23
1691,23
1695,23
1702,23
1712,23
1725,23
1726,23
1729,23
1753,23
1756,23
1758,23
1764,23
1772,23
1774,23
1783,23
1791,23
1799,23
1802,23
1804,23
1813,23
1820,23
1821,23
1835,23
1845,23
1846,23
1848,23
1854,23
1860,23
1861,23
1862,23
1864,23
1871,23
1872,23
1878,23
1879,23
1884,23
1886,23
1887,23
1888,23
1889,23
1891,23
1895,23
1896,23
1897,23
1898,23
1900,23
1901,23
1903,23
1904,23
1907,23
1908,23
1912,23
1924,23
1931,23
1938,23
1941,23
1942,23
1944,23
1950,23
1953,23
1960,23
1971,23
1983,23
1990,23
1996,23
1998,23
2011,23
2013,23
2014,23
2016,23
2017,23
2019,23
2023,23
2025,23
2026,23
2029,23
2034,23
2043,23
2047,23
2058,23
2060,23
2063,23
2064,23
2078,23
2079,23
2080,23
2085,23
2086,23
2091,23
2092,23
2099,23
2100,23
2111,23
2121,23
2123,23
2152,23
2172,23
2184,23
2189,23
2192,23
2193,23
2194,23
2203,23
2214,23
2216,23
2219,23
2229,23
2230,23
2236,23
2249,23
2254,23
2259,23
2265,23
2267,23
2271,23
2272,23
2273,23
2275,23
2279,23
2287,23
2293,23
2301,23
2304,23
2315,23
2320,23
2321,23
2326,23
2329,23
2332,23
2342,23
2351,23
2353,23
2355,23
2356,23
2364,23
2377,23
2382,23
2391,23
2392,23
2399,23
2401,23
2404,23
2412,23
2419,23
2429,23
2432,23
2435,23
2445,23
2449,23
2450,23
2458,23
2459,23
2463,23
2464,23
2466,23
2478,23
2484,23
2492,23
2499,23
2500,23
2513,23
2514,23
2519,23
2526,23
2537,23
2538,23
2539,23
2541,23
2543,23
2561,23
2573,23
2576,23
2578,23
2582,23
2588,23
2593,23
2613,23
2620,23
2634,23
2636,23
2639,23
2646,23
2651,23
2652,23
2653,23
2656,23
2657,23
2665,23
2673,23
2682,23
2686,23
2688,23
2696,23
2710,23
2717,23
2729,23
2732,23
2753,23
2759,23
2770,23
2772,23
2782,23
2783,23
2784,23
2786,23
2793,23
2797,23
2799,23
2802,23
2805,23
2809,23
2816,23
2835,23
2838,23
2844,23
2846,23
2849,23
2854,23
2858,23
2859,23
2866,23
2876,23
2878,23
2882,23
2886,23
2888,23
2892,23
2907,23
2908,23
2913,23
2922,23
2923,23
2926,23
2937,23
2941,23
2944,23
2946,23
2949,23
2951,23
2953,23
2964,23
2966,23
2971,23
2975,23
2976,23
2982,23
2991,23
2992,23
2996,23
2998,23
3003,23
3012,23
3013,23
3018,23
3027,23
3030,23
3031,23
3038,23
3041,23
3045,23
3050,23
3053,23
3061,23
3063,23
3064,23
3087,23
3088,23
3095,23
3103,23
3104,23
3108,23
3124,23
3125,23
3126,23
3129,23
3133,23
3138,23
3150,23
3156,23
3159,23
3173,23
3179,23
3185,23
3190,23
3193,23
3195,23
3197,23
3199,23
3204,23
3209,23
3214,23
3216,23
3221,23
3226,23
3228,23
3233,23
3237,23
3254,23
3264,23
3266,23
3270,23
3275,23
3276,23
3277,23
3278,23
3280,23
3282,23
3286,23
3292,23
3301,23
3302,23
3320,23
3321,23
3322,23
3335,23
3341,23
3342,23
3347,23
3349,23
3354,23
3357,23
3358,23
3359,23
3360,23
3363,23
3364,23
3370,23
3381,23
3385,23
3390,23
3410,23
3419,23
3421,23
3422,23
3424,23
3435,23
3444,23
3446,23
3456,23
3481,23
3499,23
3500,23
3506,23
3528,23
3529,23
3530,23
3536,23
3537,23
3543,23
3549,23
3555,23
3559,23
3561,23
3574,23
3577,23
3582,23
3585,23
3587,23
3598,23
3605,23
3606,23
3607,23
3609,23
3629,23
3631,23
3636,23
3648,23
3651,23
3657,23
3661,23
3682,23
3698,23
3702,23
3709,23
3710,23
3713,23
3717,23
3719,23
3722,23
3724,23
3725,23
3729,23
3732,23
3733,23
3734,23
3735,23
3741,23
3742,23
3748,23
3749,23
3756,23
3758,23
3761,23
3763,23
3767,23
3770,23
3776,23
3777,23
3780,23
3781,23
3789,23
3792,23
3796,23
3802,23
3811,23
3821,23
3826,23
3828,23
3830,23
3831,23
3833,23
3840,23
3843,23
3846,23
3847,23
3850,23
3853,23
3854,23
3859,23
3871,23
3881,23
3884,23
3889,23
3897,23
3900,23
3904,23
3906,23
3907,23
3919,23
3924,23
3931,23
3939,23
3940,23
3944,23
