1,22
6,22
7,22
11,22
21,22
25,22
49,22
55,22
58,22
65,22
120,22
139,22
143,22
161,22
184,22
197,22
204,22
210,22
222,22
229,22
239,22
241,22
243,22
244,22
251,22
272,22
273,22
274,22
276,22
293,22
320,22
322,22
330,22
331,22
334,22
336,22
339,22
345,22
355,22
356,22
374,22
394,22
398,22
399,22
405,22
409,22
413,22
428,22
435,22
443,22
453,22
457,22
480,22
506,22
507,22
520,22
524,22
533,22
535,22
557,22
558,22
564,22
566,22
569,22
573,22
578,22
583,22
593,22
600,22
602,22
603,22
610,22
611,22
613,22
617,22
624,22
626,22
627,22
649,22
661,22
662,22
670,22
677,22
680,22
682,22
703,22
709,22
725,22
732,22
733,22
737,22
747,22
753,22
767,22
772,22
775,22
795,22
800,22
833,22
836,22
842,22
846,22
848,22
862,22
871,22
882,22
888,22
889,22
903,22
911,22
912,22
930,22
933,22
943,22
946,22
959,22
969,22
981,22
994,22
996,22
1000,22
1002,22
1012,22
1014,22
1020,22
1023,22
1032,22
1034,22
1037,22
1044,22
1050,22
1064,22
1083,22
1095,22
1118,22
1126,22
1136,22
1137,22
1138,22
1145,22
1157,22
1163,22
1184,22
1191,22
1198,22
1203,22
1214,22
1217,22
1218,22
1219,22
1220,22
1224,22
1231,22
1242,22
1244,22
1252,22
1265,22
1272,22
1277,22
1279,22
1280,22
1287,22
1301,22
1303,22
1304,22
1305,22
1312,22
1328,22
1329,22
1330,22
1331,22
1337,22
1347,22
1349,22
1354,22
1364,22
1378,22
1383,22
1403,22
1404,22
1415,22
1417,22
1418,22
1428,22
1438,22
1443,22
1447,22
1452,22
1456,22
1459,22
1467,22
1480,22
1482,22
1487,22
1489,22
1491,22
1499,22
1513,22
1519,22
1523,22
1525,22
1528,22
1530,22
1542,22
1554,22
1561,22
1568,22
1569,22
1572,22
1575,22
1589,22
1591,22
1613,22
1614,22
1617,22
1624,22
1628,22
1633,22
1643,22
1649,22
1654,22
1655,22
1656,22
1675,22
1681,22
1704,22
1708,22
1711,22
1714,22
1731,22
1737,22
1738,22
1739,22
1747,22
1748,22
1768,22
1776,22
1784,22
1785,22
1787,22
1789,22
1790,22
1792,22
1797,22
1801,22
1806,22
1814,22
1815,22
1817,22
1818,22
1823,22
1824,22
1829,22
1830,22
1840,22
1855,22
1856,22
1874,22
1876,22
1880,22
1881,22
1914,22
1916,22
1921,22
1922,22
1932,22
1935,22
1943,22
1945,22
1977,22
1981,22
1997,22
2001,22
2002,22
2006,22
2007,22
2036,22
2039,22
2052,22
2053,22
2054,22
2055,22
2066,22
2072,22
2073,22
2074,22
2076,22
2084,22
2093,22
2112,22
2115,22
2124,22
2126,22
2131,22
2134,22
2136,22
2138,22
2139,22
2140,22
2141,22
2142,22
2156,22
2159,22
2162,22
2165,22
2186,22
2188,22
2199,22
2206,22
2208,22
2212,22
2213,22
2218,22
2233,22
2238,22
2241,22
2248,22
2250,22
2257,22
2258,22
2266,22
2268,22
2278,22
2286,22
2292,22
2296,22
2303,22
2305,22
2307,22
2311,22
2317,22
2334,22
2348,22
2357,22
2359,22
2403,22
2417,22
2420,22
2421,22
2423,22
2424,22
2428,22
2434,22
2456,22
2460,22
2468,22
2469,22
2474,22
2479,22
2482,22
2489,22
2490,22
2494,22
2498,22
2503,22
2509,22
2515,22
2518,22
2524,22
2529,22
2546,22
2550,22
2555,22
2559,22
2562,22
2568,22
2569,22
2580,22
2585,22
2587,22
2596,22
2598,22
2607,22
2609,22
2622,22
2627,22
2630,22
2631,22
2637,22
2641,22
2644,22
2647,22
2655,22
2659,22
2662,22
2663,22
2670,22
2671,22
2674,22
2685,22
2702,22
2707,22
2712,22
2713,22
2714,22
2722,22
2730,22
2736,22
2737,22
2745,22
2746,22
2747,22
2755,22
2756,22
2758,22
2760,22
2774,22
2792,22
2798,22
2801,22
2814,22
2828,22
2834,22
2839,22
2848,22
2856,22
2868,22
2872,22
2874,22
2879,22
2885,22
2897,22
2914,22
2919,22
2929,22
2930,22
2936,22
2939,22
2943,22
2961,22
2962,22
2970,22
2972,22
2984,22
2987,22
2988,22
3001,22
3004,22
3014,22
3015,22
3022,22
3023,22
3039,22
3043,22
3047,22
3048,22
3055,22
3068,22
3072,22
3074,22
3076,22
3079,22
3086,22
3092,22
3094,22
3097,22
3110,22
3117,22
3121,22
3122,22
3127,22
3132,22
3140,22
3143,22
3148,22
3151,22
3152,22
3155,22
3160,22
3162,22
3171,22
3198,22
3200,22
3201,22
3206,22
3215,22
3219,22
3220,22
3222,22
3223,22
3225,22
3229,22
3231,22
3235,22
3239,22
3244,22
3249,22
3251,22
3259,22
3274,22
3293,22
3306,22
3309,22
3310,22
3313,22
3324,22
3325,22
3328,22
3329,22
3332,22
3334,22
3344,22
3366,22
3371,22
3374,22
3378,22
3394,22
3398,22
3403,22
3414,22
3428,22
3434,22
3440,22
3445,22
3454,22
3464,22
3465,22
3469,22
3471,22
3479,22
3480,22
3490,22
3494,22
3496,22
3501,22
3502,22
3507,22
3511,22
3515,22
3526,22
3531,22
3541,22
3553,22
3566,22
3583,22
3589,22
3592,22
3595,22
3601,22
3603,22
3617,22
3623,22
3625,22
3633,22
3639,22
3640,22
3646,22
3654,22
3655,22
3660,22
3667,22
3673,22
3676,22
3683,22
3689,22
3695,22
3699,22
3700,22
3705,22
3708,22
3711,22
3728,22
3752,22
3753,22
3754,22
3755,22
3766,22
3768,22
3769,22
3775,22
3778,22
3782,22
3783,22
3795,22
3798,22
3803,22
3806,22
3810,22
3813,22
3818,22
3819,22
3824,22
3838,22
3849,22
3851,22
3864,22
3866,22
3868,22
3877,22
3882,22
3899,22
3925,22
3927,22
3929,22
3937,22
3946,22
3947,22
3948,22
