3,21
19,21
35,21
45,21
46,21
53,21
59,21
67,21
68,21
77,21
78,21
95,21
96,21
101,21
116,21
124,21
160,21
165,21
174,21
190,21
193,21
201,21
212,21
218,21
221,21
234,21
235,21
262,21
279,21
301,21
309,21
310,21
337,21
383,21
403,21
442,21
449,21
476,21
483,21
500,21
531,21
545,21
547,21
553,21
554,21
567,21
604,21
671,21
690,21
722,21
750,21
761,21
787,21
792,21
807,21
811,21
864,21
873,21
891,21
896,21
909,21
923,21
936,21
964,21
975,21
977,21
980,21
984,21
985,21
997,21
1015,21
1029,21
1043,21
1047,21
1052,21
1090,21
1099,21
1102,21
1112,21
1144,21
1154,21
1164,21
1169,21
1179,21
1182,21
1238,21
1241,21
1249,21
1255,21
1256,21
1290,21
1299,21
1300,21
1321,21
1365,21
1369,21
1371,21
1373,21
1379,21
1382,21
1393,21
1405,21
1424,21
1426,21
1430,21
1436,21
1451,21
1486,21
1512,21
1514,21
1521,21
1541,21
1549,21
1559,21
1608,21
1653,21
1665,21
1668,21
1674,21
1710,21
1722,21
1724,21
1743,21
1746,21
1750,21
1770,21
1775,21
1788,21
1834,21
1838,21
1847,21
1859,21
1877,21
1885,21
1913,21
1951,21
1966,21
1967,21
1975,21
1993,21
1994,21
2012,21
2020,21
2021,21
2037,21
2062,21
2075,21
2083,21
2090,21
2110,21
2119,21
2144,21
2161,21
2171,21
2178,21
2196,21
2221,21
2223,21
2263,21
2314,21
2331,21
2341,21
2354,21
2358,21
2360,21
2366,21
2397,21
2413,21
2426,21
2461,21
2465,21
2473,21
2481,21
2483,21
2493,21
2535,21
2552,21
2589,21
2591,21
2594,21
2605,21
2606,21
2611,21
2660,21
2692,21
2711,21
2726,21
2766,21
2773,21
2794,21
2800,21
2808,21
2831,21
2832,21
2836,21
2837,21
2869,21
2877,21
2889,21
2893,21
2895,21
2900,21
2902,21
2903,21
2911,21
2918,21
2928,21
2957,21
2958,21
2959,21
2978,21
2990,21
2993,21
3002,21
3010,21
3019,21
3028,21
3042,21
3046,21
3065,21
3134,21
3154,21
3167,21
3169,21
3177,21
3205,21
3261,21
3268,21
3304,21
3338,21
3351,21
3353,21
3355,21
3368,21
3373,21
3389,21
3409,21
3412,21
3416,21
3427,21
3433,21
3436,21
3455,21
3486,21
3492,21
3513,21
3548,21
3551,21
3578,21
3618,21
3634,21
3668,21
3670,21
3727,21
3745,21
3779,21
3786,21
3787,21
3808,21
3814,21
3820,21
3832,21
3845,21
3862,21
3870,21
3883,21
3887,21
3911,21
3920,21
3951,21
