24,99
45,99
52,99
57,99
60,99
64,99
97,99
114,99
140,99
164,99
173,99
174,99
210,99
223,99
225,99
227,99
245,99
248,99
291,99
310,99
351,99
374,99
377,99
384,99
391,99
409,99
420,99
439,99
447,99
451,99
452,99
481,99
491,99
502,99
503,99
515,99
523,99
526,99
530,99
535,99
539,99
573,99
581,99
588,99
640,99
672,99
676,99
703,99
705,99
721,99
722,99
773,99
785,99
786,99
822,99
825,99
850,99
853,99
867,99
885,99
889,99
898,99
922,99
924,99
937,99
955,99
957,99
978,99
1000,99
1005,99
1018,99
1040,99
1042,99
1044,99
1047,99
1053,99
1057,99
1061,99
1079,99
1080,99
1082,99
1083,99
1090,99
1093,99
1096,99
1101,99
1124,99
1126,99
1131,99
1147,99
1149,99
1163,99
1167,99
1174,99
1176,99
1190,99
1206,99
1209,99
1210,99
1212,99
1216,99
1218,99
1234,99
1241,99
1246,99
1252,99
1254,99
1255,99
1260,99
1264,99
1273,99
1274,99
1276,99
1279,99
1294,99
1313,99
1314,99
1322,99
1340,99
1352,99
1360,99
1369,99
1372,99
1376,99
1389,99
1393,99
1399,99
1402,99
1404,99
1409,99
1415,99
1418,99
1425,99
1441,99
1444,99
1445,99
1455,99
1461,99
1465,99
1466,99
1470,99
1475,99
1477,99
1478,99
1497,99
1504,99
1508,99
1516,99
1523,99
1526,99
1538,99
1543,99
1544,99
1546,99
1548,99
1550,99
1552,99
1562,99
1567,99
1573,99
1579,99
1591,99
1612,99
1616,99
1618,99
1628,99
1639,99
1643,99
1644,99
1645,99
1649,99
1660,99
1663,99
1667,99
1671,99
1676,99
1680,99
1682,99
1688,99
1694,99
1704,99
1713,99
1714,99
1715,99
1727,99
1735,99
1743,99
1748,99
1753,99
1758,99
1779,99
1782,99
1787,99
1797,99
1800,99
1802,99
1806,99
1809,99
1810,99
1813,99
1822,99
1834,99
1835,99
1838,99
1844,99
1871,99
1873,99
1876,99
1882,99
1883,99
1887,99
1891,99
1894,99
1902,99
1903,99
1908,99
1916,99
1919,99
1920,99
1921,99
1933,99
1944,99
1956,99
1961,99
1962,99
1970,99
1971,99
1982,99
1983,99
2004,99
2009,99
2017,99
2025,99
2027,99
2031,99
2032,99
2033,99
2050,99
2051,99
2052,99
2068,99
2086,99
2118,99
2123,99
2127,99
2128,99
2153,99
2157,99
2158,99
2159,99
2162,99
2167,99
2169,99
2205,99
2206,99
2210,99
2211,99
2214,99
2219,99
2227,99
2232,99
2238,99
2248,99
2251,99
2255,99
2263,99
2264,99
2273,99
2287,99
2292,99
2295,99
2297,99
2303,99
2310,99
2315,99
2316,99
2319,99
2321,99
2333,99
2337,99
2340,99
2348,99
2350,99
2353,99
2357,99
2368,99
2371,99
2376,99
2378,99
2379,99
2381,99
2382,99
2387,99
2394,99
2401,99
2414,99
2416,99
2418,99
2421,99
2435,99
2437,99
2441,99
2457,99
2458,99
2459,99
2468,99
2484,99
2486,99
2488,99
2489,99
2491,99
2497,99
2504,99
2506,99
2516,99
2523,99
2526,99
2527,99
2532,99
2538,99
2543,99
2548,99
2552,99
2563,99
2565,99
2566,99
2569,99
2571,99
2576,99
2581,99
2589,99
2599,99
2614,99
2617,99
2623,99
2628,99
2631,99
2634,99
2652,99
2662,99
2665,99
2685,99
2691,99
2695,99
2696,99
2697,99
2699,99
2705,99
2708,99
2719,99
2720,99
2735,99
2740,99
2745,99
2751,99
2753,99
2757,99
2759,99
2761,99
2766,99
2779,99
2780,99
2786,99
2799,99
2800,99
2809,99
2818,99
2840,99
2842,99
2853,99
2856,99
2859,99
2864,99
2869,99
2875,99
2886,99
2894,99
2895,99
2903,99
2906,99
2909,99
2912,99
2920,99
2922,99
2924,99
2927,99
2928,99
2936,99
2937,99
2943,99
2944,99
2956,99
2965,99
2969,99
2990,99
2997,99
3001,99
3005,99
3010,99
3019,99
3023,99
3028,99
3029,99
3072,99
3075,99
3087,99
3088,99
3099,99
3100,99
3108,99
3109,99
3111,99
3112,99
3115,99
3116,99
3120,99
3123,99
3126,99
3132,99
3147,99
3151,99
3155,99
3171,99
3174,99
3179,99
3185,99
3187,99
3188,99
3198,99
3211,99
3213,99
3216,99
3218,99
3222,99
3228,99
3248,99
3256,99
3261,99
3269,99
3274,99
3275,99
3278,99
3282,99
3284,99
3285,99
3287,99
3289,99
3298,99
3305,99
3308,99
3309,99
3313,99
3320,99
3322,99
3324,99
3330,99
3340,99
3343,99
3344,99
3345,99
3350,99
3367,99
3375,99
3378,99
3381,99
3384,99
3387,99
3391,99
3393,99
3399,99
3401,99
3414,99
3415,99
3421,99
3443,99
3445,99
3461,99
3462,99
3468,99
3476,99
3499,99
3505,99
3509,99
3517,99
3528,99
3533,99
3540,99
3542,99
3555,99
3556,99
3565,99
3567,99
3573,99
3589,99
3593,99
3598,99
3599,99
3608,99
3611,99
3614,99
3620,99
3622,99
3629,99
3635,99
3641,99
3645,99
3646,99
3647,99
3649,99
3652,99
3654,99
3655,99
3656,99
3657,99
3659,99
3661,99
3663,99
3665,99
3675,99
3676,99
3679,99
3686,99
3687,99
3691,99
3699,99
3700,99
3702,99
3707,99
3708,99
3720,99
3722,99
3725,99
3737,99
3747,99
3757,99
3766,99
3768,99
3770,99
3771,99
3772,99
3773,99
3776,99
3784,99
3795,99
3806,99
3807,99
3809,99
3812,99
3817,99
3825,99
3827,99
3830,99
3833,99
3834,99
3835,99
3838,99
3843,99
3852,99
3857,99
3859,99
3862,99
3868,99
3871,99
3877,99
3891,99
3894,99
3897,99
3898,99
3899,99
3903,99
3909,99
3911,99
3913,99
3922,99
3929,99
3938,99
3948,99
