14,88
30,88
49,88
84,88
91,88
111,88
126,88
132,88
137,88
146,88
156,88
167,88
170,88
197,88
200,88
264,88
270,88
277,88
298,88
318,88
319,88
339,88
364,88
410,88
413,88
422,88
425,88
461,88
485,88
545,88
571,88
593,88
614,88
689,88
778,88
803,88
863,88
864,88
894,88
928,88
938,88
944,88
960,88
975,88
1010,88
1019,88
1029,88
1038,88
1043,88
1110,88
1184,88
1202,88
1244,88
1308,88
1328,88
1354,88
1368,88
1442,88
1448,88
1503,88
1524,88
1554,88
1582,88
1608,88
1610,88
1615,88
1627,88
1662,88
1666,88
1733,88
1738,88
1752,88
1815,88
1818,88
1829,88
1869,88
1928,88
1941,88
2024,88
2047,88
2049,88
2089,88
2092,88
2098,88
2100,88
2120,88
2122,88
2174,88
2179,88
2185,88
2192,88
2202,88
2207,88
2221,88
2224,88
2259,88
2265,88
2285,88
2301,88
2305,88
2309,88
2311,88
2338,88
2345,88
2355,88
2502,88
2508,88
2509,88
2559,88
2590,88
2601,88
2643,88
2679,88
2721,88
2747,88
2755,88
2778,88
2784,88
2826,88
2847,88
2865,88
2867,88
2879,88
2925,88
2934,88
2961,88
2986,88
2991,88
3012,88
3015,88
3017,88
3024,88
3051,88
3057,88
3058,88
3061,88
3067,88
3137,88
3154,88
3191,88
3195,88
3245,88
3251,88
3295,88
3349,88
3363,88
3388,88
3394,88
3412,88
3447,88
3491,88
3518,88
3536,88
3552,88
3558,88
3571,88
3591,88
3596,88
3703,88
3717,88
3729,88
3733,88
3735,88
3742,88
3758,88
3840,88
3874,88
3892,88
3927,88
3939,88
3947,88
