1,1
7,1
18,1
19,1
24,1
26,1
38,1
43,1
45,1
46,1
48,1
88,1
107,1
126,1
127,1
132,1
167,1
188,1
194,1
198,1
201,1
210,1
215,1
230,1
241,1
249,1
254,1
262,1
269,1
276,1
292,1
294,1
299,1
303,1
305,1
307,1
308,1
311,1
328,1
338,1
354,1
356,1
359,1
364,1
372,1
388,1
394,1
399,1
403,1
407,1
409,1
418,1
443,1
450,1
466,1
474,1
480,1
485,1
488,1
494,1
497,1
503,1
510,1
520,1
526,1
536,1
548,1
549,1
553,1
563,1
566,1
567,1
569,1
592,1
596,1
600,1
608,1
616,1
633,1
639,1
642,1
649,1
661,1
670,1
671,1
680,1
685,1
686,1
689,1
690,1
692,1
704,1
706,1
707,1
708,1
713,1
714,1
727,1
733,1
739,1
746,1
767,1
772,1
804,1
813,1
815,1
841,1
844,1
849,1
856,1
859,1
868,1
871,1
883,1
884,1
899,1
902,1
918,1
922,1
929,1
933,1
941,1
945,1
959,1
960,1
962,1
968,1
969,1
983,1
987,1
993,1
995,1
1004,1
1006,1
1023,1
1044,1
1045,1
1072,1
1078,1
1092,1
1097,1
1098,1
1104,1
1110,1
1121,1
1122,1
1124,1
1144,1
1146,1
1149,1
1152,1
1155,1
1173,1
1192,1
1196,1
1198,1
1199,1
1204,1
1209,1
1211,1
1224,1
1250,1
1274,1
1289,1
1297,1
1333,1
1368,1
1383,1
1397,1
1417,1
1427,1
1474,1
1485,1
1499,1
1519,1
1524,1
1530,1
1549,1
1550,1
1555,1
1569,1
1579,1
1616,1
1621,1
1622,1
1637,1
1651,1
1654,1
1666,1
1687,1
1722,1
1726,1
1732,1
1738,1
1765,1
1786,1
1795,1
1821,1
1837,1
1848,1
1859,1
1872,1
1876,1
1877,1
1880,1
1895,1
1897,1
1898,1
1911,1
1935,1
1937,1
1941,1
1955,1
1977,1
1996,1
1998,1
1999,1
2004,1
2010,1
2014,1
2017,1
2027,1
2039,1
2043,1
2054,1
2063,1
2075,1
2086,1
2090,1
2093,1
2115,1
2118,1
2133,1
2140,1
2142,1
2144,1
2174,1
2175,1
2191,1
2211,1
2223,1
2226,1
2238,1
2274,1
2315,1
2326,1
2335,1
2337,1
2338,1
2352,1
2390,1
2391,1
2408,1
2423,1
2432,1
2460,1
2462,1
2481,1
2482,1
2492,1
2493,1
2508,1
2511,1
2529,1
2547,1
2548,1
2596,1
2618,1
2643,1
2650,1
2654,1
2660,1
2670,1
2671,1
2700,1
2704,1
2726,1
2736,1
2744,1
2764,1
2788,1
2791,1
2792,1
2793,1
2813,1
2827,1
2842,1
2847,1
2853,1
2888,1
2889,1
2893,1
2912,1
2917,1
2918,1
2926,1
2939,1
2945,1
2946,1
2987,1
3006,1
3011,1
3018,1
3031,1
3035,1
3041,1
3043,1
3055,1
3070,1
3077,1
3078,1
3124,1
3146,1
3147,1
3217,1
3220,1
3223,1
3232,1
3234,1
3246,1
3252,1
3264,1
3290,1
3307,1
3339,1
3341,1
3349,1
3362,1
3369,1
3371,1
3412,1
3428,1
3444,1
3446,1
3457,1
3471,1
3473,1
3491,1
3494,1
3511,1
3523,1
3552,1
3583,1
3595,1
3596,1
3602,1
3630,1
3634,1
3670,1
3684,1
3685,1
3724,1
3728,1
3753,1
3754,1
3771,1
3776,1
3796,1
3821,1
3850,1
3891,1
3927,1
3938,1
3944,1
3951,1
