15,16
40,16
46,16
48,16
53,16
61,16
82,16
91,16
95,16
129,16
133,16
137,16
138,16
140,16
146,16
151,16
159,16
166,16
170,16
174,16
178,16
180,16
181,16
183,16
186,16
194,16
195,16
197,16
202,16
207,16
215,16
220,16
230,16
258,16
259,16
261,16
275,16
288,16
291,16
297,16
311,16
327,16
329,16
335,16
341,16
344,16
353,16
364,16
369,16
384,16
387,16
392,16
397,16
399,16
411,16
421,16
441,16
459,16
465,16
477,16
479,16
503,16
508,16
509,16
521,16
527,16
535,16
538,16
540,16
543,16
549,16
552,16
561,16
562,16
565,16
575,16
583,16
594,16
605,16
610,16
611,16
614,16
620,16
621,16
628,16
638,16
639,16
653,16
665,16
671,16
676,16
688,16
719,16
728,16
729,16
731,16
738,16
740,16
757,16
758,16
760,16
798,16
806,16
812,16
814,16
828,16
836,16
845,16
857,16
859,16
873,16
877,16
883,16
892,16
893,16
900,16
903,16
908,16
927,16
937,16
943,16
954,16
955,16
976,16
992,16
1003,16
1005,16
1007,16
1014,16
1019,16
1026,16
1028,16
1045,16
1058,16
1060,16
1061,16
1062,16
1079,16
1085,16
1089,16
1093,16
1104,16
1108,16
1111,16
1112,16
1116,16
1121,16
1133,16
1140,16
1143,16
1153,16
1158,16
1160,16
1162,16
1166,16
1172,16
1173,16
1176,16
1177,16
1178,16
1179,16
1181,16
1185,16
1186,16
1193,16
1194,16
1200,16
1204,16
1212,16
1213,16
1217,16
1222,16
1224,16
1226,16
1228,16
1229,16
1245,16
1246,16
1249,16
1264,16
1265,16
1267,16
1270,16
1273,16
1274,16
1278,16
1282,16
1283,16
1284,16
1286,16
1288,16
1291,16
1294,16
1299,16
1301,16
1311,16
1312,16
1319,16
1320,16
1321,16
1327,16
1329,16
1330,16
1341,16
1346,16
1363,16
1370,16
1373,16
1377,16
1378,16
1379,16
1390,16
1406,16
1409,16
1416,16
1418,16
1422,16
1436,16
1439,16
1440,16
1444,16
1452,16
1454,16
1455,16
1459,16
1464,16
1467,16
1468,16
1469,16
1470,16
1478,16
1479,16
1481,16
1483,16
1497,16
1511,16
1512,16
1516,16
1518,16
1529,16
1530,16
1534,16
1548,16
1550,16
1551,16
1552,16
1562,16
1570,16
1577,16
1591,16
1593,16
1597,16
1599,16
1601,16
1603,16
1617,16
1633,16
1642,16
1644,16
1646,16
1648,16
1650,16
1657,16
1659,16
1663,16
1673,16
1676,16
1681,16
1683,16
1688,16
1691,16
1692,16
1693,16
1698,16
1701,16
1703,16
1705,16
1706,16
1709,16
1717,16
1722,16
1723,16
1732,16
1733,16
1749,16
1751,16
1755,16
1756,16
1759,16
1766,16
1768,16
1770,16
1772,16
1776,16
1781,16
1788,16
1796,16
1797,16
1808,16
1811,16
1816,16
1818,16
1822,16
1839,16
1843,16
1853,16
1864,16
1874,16
1875,16
1877,16
1878,16
1882,16
1895,16
1918,16
1923,16
1924,16
1927,16
1928,16
1929,16
1933,16
1934,16
1939,16
1942,16
1947,16
1948,16
1949,16
1951,16
1953,16
1955,16
1959,16
1960,16
1964,16
1967,16
1972,16
1973,16
1974,16
1978,16
1984,16
1986,16
1987,16
1988,16
1994,16
1996,16
1997,16
1999,16
2002,16
2003,16
2004,16
2008,16
2010,16
2011,16
2015,16
2016,16
2018,16
2023,16
2024,16
2030,16
2033,16
2034,16
2035,16
2037,16
2042,16
2047,16
2053,16
2055,16
2057,16
2058,16
2061,16
2064,16
2065,16
2066,16
2068,16
2070,16
2071,16
2075,16
2083,16
2085,16
2092,16
2103,16
2109,16
2111,16
2112,16
2114,16
2120,16
2124,16
2125,16
2138,16
2150,16
2158,16
2170,16
2171,16
2173,16
2178,16
2183,16
2187,16
2189,16
2190,16
2195,16
2205,16
2207,16
2208,16
2212,16
2213,16
2216,16
2231,16
2232,16
2239,16
2240,16
2241,16
2245,16
2246,16
2250,16
2252,16
2256,16
2258,16
2262,16
2265,16
2266,16
2272,16
2283,16
2290,16
2294,16
2296,16
2297,16
2298,16
2299,16
2300,16
2303,16
2305,16
2306,16
2310,16
2314,16
2315,16
2316,16
2317,16
2321,16
2331,16
2343,16
2351,16
2354,16
2358,16
2361,16
2364,16
2367,16
2370,16
2371,16
2375,16
2376,16
2390,16
2394,16
2395,16
2396,16
2410,16
2412,16
2421,16
2444,16
2448,16
2449,16
2450,16
2466,16
2467,16
2472,16
2473,16
2474,16
2477,16
2481,16
2482,16
2483,16
2488,16
2489,16
2500,16
2502,16
2504,16
2505,16
2506,16
2507,16
2510,16
2512,16
2516,16
2520,16
2521,16
2522,16
2527,16
2530,16
2534,16
2536,16
2538,16
2542,16
2545,16
2546,16
2549,16
2551,16
2552,16
2553,16
2554,16
2555,16
2558,16
2560,16
2562,16
2564,16
2569,16
2570,16
2571,16
2572,16
2574,16
2576,16
2578,16
2579,16
2580,16
2581,16
2582,16
2583,16
2584,16
2585,16
2587,16
2588,16
2591,16
2598,16
2604,16
2605,16
2609,16
2615,16
2616,16
2620,16
2631,16
2633,16
2635,16
2638,16
2639,16
2644,16
2649,16
2652,16
2654,16
2661,16
2663,16
2664,16
2665,16
2674,16
2678,16
2681,16
2692,16
2695,16
2696,16
2698,16
2699,16
2701,16
2703,16
2705,16
2706,16
2712,16
2717,16
2720,16
2723,16
2724,16
2725,16
2728,16
2738,16
2739,16
2742,16
2747,16
2751,16
2757,16
2767,16
2768,16
2769,16
2776,16
2777,16
2778,16
2780,16
2783,16
2795,16
2802,16
2809,16
2815,16
2817,16
2818,16
2819,16
2822,16
2823,16
2825,16
2826,16
2829,16
2832,16
2833,16
2835,16
2840,16
2844,16
2859,16
2864,16
2867,16
2873,16
2878,16
2885,16
2886,16
2890,16
2891,16
2893,16
2895,16
2898,16
2904,16
2905,16
2916,16
2921,16
2922,16
2923,16
2924,16
2925,16
2929,16
2941,16
2948,16
2962,16
2967,16
2969,16
2974,16
2977,16
2980,16
2981,16
2984,16
2985,16
2989,16
2998,16
2999,16
3000,16
3004,16
3007,16
3008,16
3010,16
3024,16
3026,16
3028,16
3029,16
3037,16
3046,16
3048,16
3049,16
3050,16
3054,16
3059,16
3060,16
3067,16
3068,16
3070,16
3071,16
3073,16
3074,16
3076,16
3078,16
3083,16
3085,16
3088,16
3096,16
3098,16
3102,16
3103,16
3108,16
3111,16
3115,16
3117,16
3119,16
3120,16
3121,16
3123,16
3126,16
3129,16
3131,16
3132,16
3133,16
3135,16
3138,16
3142,16
3144,16
3152,16
3163,16
3164,16
3167,16
3175,16
3179,16
3180,16
3185,16
3187,16
3191,16
3192,16
3193,16
3194,16
3197,16
3199,16
3200,16
3204,16
3206,16
3208,16
3209,16
3212,16
3215,16
3220,16
3221,16
3223,16
3237,16
3238,16
3242,16
3248,16
3253,16
3256,16
3257,16
3260,16
3265,16
3268,16
3269,16
3271,16
3274,16
3275,16
3279,16
3283,16
3284,16
3292,16
3297,16
3304,16
3305,16
3306,16
3310,16
3314,16
3315,16
3320,16
3324,16
3326,16
3331,16
3334,16
3342,16
3350,16
3352,16
3365,16
3370,16
3371,16
3380,16
3383,16
3384,16
3385,16
3386,16
3390,16
3393,16
3396,16
3398,16
3402,16
3404,16
3410,16
3416,16
3418,16
3420,16
3428,16
3432,16
3439,16
3440,16
3446,16
3447,16
3456,16
3461,16
3466,16
3476,16
3477,16
3483,16
3485,16
3489,16
3493,16
3498,16
3499,16
3503,16
3504,16
3505,16
3508,16
3513,16
3514,16
3519,16
3522,16
3523,16
3527,16
3529,16
3534,16
3535,16
3542,16
3547,16
3557,16
3561,16
3562,16
3564,16
3567,16
3568,16
3569,16
3571,16
3574,16
3575,16
3581,16
3587,16
3592,16
3597,16
3599,16
3601,16
3609,16
3610,16
3611,16
3612,16
3615,16
3619,16
3626,16
3627,16
3635,16
3638,16
3639,16
3645,16
3651,16
3652,16
3653,16
3656,16
3659,16
3661,16
3663,16
3665,16
3666,16
3671,16
3674,16
3682,16
3686,16
3687,16
3701,16
3704,16
3709,16
3718,16
3719,16
3722,16
3724,16
3727,16
3730,16
3731,16
3734,16
3741,16
3746,16
3754,16
3760,16
3761,16
3767,16
3770,16
3773,16
3775,16
3777,16
3779,16
3784,16
3786,16
3805,16
3807,16
3809,16
3811,16
3813,16
3814,16
3818,16
3824,16
3825,16
3828,16
3829,16
3839,16
3846,16
3847,16
3851,16
3852,16
3853,16
3857,16
3858,16
3864,16
3865,16
3867,16
3868,16
3870,16
3877,16
3880,16
3885,16
3889,16
3893,16
3894,16
3896,16
3898,16
3904,16
3905,16
3907,16
3913,16
3914,16
3917,16
3924,16
3932,16
3933,16
3935,16
3936,16
3942,16
3944,16
3950,16
3951,16
