13,14
22,14
32,14
45,14
51,14
57,14
73,14
89,14
94,14
96,14
101,14
109,14
115,14
152,14
160,14
168,14
185,14
187,14
190,14
193,14
199,14
200,14
203,14
208,14
214,14
233,14
236,14
238,14
251,14
266,14
271,14
277,14
283,14
294,14
305,14
306,14
307,14
318,14
319,14
321,14
336,14
346,14
356,14
380,14
390,14
394,14
412,14
422,14
423,14
429,14
439,14
447,14
452,14
462,14
466,14
516,14
522,14
524,14
553,14
559,14
564,14
582,14
591,14
592,14
593,14
599,14
600,14
632,14
648,14
658,14
666,14
672,14
681,14
682,14
690,14
703,14
706,14
708,14
709,14
712,14
724,14
732,14
733,14
742,14
745,14
752,14
768,14
771,14
786,14
788,14
790,14
795,14
808,14
817,14
865,14
887,14
909,14
911,14
912,14
920,14
933,14
952,14
957,14
965,14
972,14
973,14
974,14
990,14
1001,14
1002,14
1004,14
1015,14
1022,14
1030,14
1037,14
1039,14
1043,14
1049,14
1056,14
1057,14
1073,14
1075,14
1078,14
1090,14
1091,14
1096,14
1100,14
1102,14
1105,14
1126,14
1129,14
1135,14
1139,14
1144,14
1147,14
1159,14
1183,14
1187,14
1191,14
1198,14
1199,14
1206,14
1209,14
1214,14
1218,14
1223,14
1225,14
1230,14
1238,14
1242,14
1251,14
1254,14
1256,14
1260,14
1266,14
1276,14
1292,14
1293,14
1298,14
1305,14
1307,14
1325,14
1328,14
1331,14
1334,14
1347,14
1348,14
1355,14
1357,14
1358,14
1359,14
1366,14
1374,14
1380,14
1389,14
1400,14
1404,14
1412,14
1414,14
1420,14
1427,14
1434,14
1445,14
1447,14
1460,14
1474,14
1486,14
1514,14
1515,14
1533,14
1535,14
1538,14
1541,14
1544,14
1546,14
1558,14
1559,14
1569,14
1573,14
1575,14
1576,14
1585,14
1588,14
1607,14
1629,14
1631,14
1632,14
1634,14
1639,14
1640,14
1652,14
1653,14
1656,14
1660,14
1662,14
1665,14
1671,14
1674,14
1694,14
1712,14
1727,14
1729,14
1734,14
1740,14
1742,14
1743,14
1773,14
1779,14
1789,14
1791,14
1794,14
1800,14
1802,14
1803,14
1804,14
1809,14
1819,14
1825,14
1826,14
1842,14
1844,14
1847,14
1848,14
1854,14
1863,14
1867,14
1880,14
1900,14
1901,14
1903,14
1905,14
1921,14
1925,14
1937,14
1940,14
1956,14
1965,14
1985,14
1989,14
1992,14
1995,14
1998,14
2019,14
2026,14
2029,14
2031,14
2038,14
2046,14
2049,14
2050,14
2052,14
2067,14
2093,14
2097,14
2098,14
2102,14
2113,14
2115,14
2122,14
2126,14
2129,14
2146,14
2149,14
2153,14
2156,14
2159,14
2172,14
2176,14
2185,14
2197,14
2199,14
2204,14
2209,14
2211,14
2215,14
2218,14
2220,14
2226,14
2230,14
2236,14
2237,14
2253,14
2261,14
2268,14
2276,14
2278,14
2280,14
2281,14
2282,14
2285,14
2289,14
2302,14
2304,14
2318,14
2320,14
2344,14
2346,14
2348,14
2353,14
2356,14
2363,14
2369,14
2372,14
2373,14
2378,14
2381,14
2384,14
2391,14
2405,14
2411,14
2420,14
2422,14
2424,14
2428,14
2429,14
2430,14
2431,14
2436,14
2440,14
2441,14
2442,14
2455,14
2459,14
2470,14
2480,14
2495,14
2496,14
2497,14
2499,14
2508,14
2515,14
2523,14
2528,14
2539,14
2541,14
2550,14
2563,14
2565,14
2573,14
2594,14
2599,14
2607,14
2632,14
2634,14
2642,14
2643,14
2653,14
2667,14
2676,14
2677,14
2685,14
2694,14
2722,14
2729,14
2734,14
2755,14
2786,14
2790,14
2799,14
2800,14
2816,14
2827,14
2837,14
2848,14
2849,14
2857,14
2874,14
2875,14
2879,14
2880,14
2892,14
2901,14
2909,14
2911,14
2913,14
2914,14
2915,14
2919,14
2927,14
2933,14
2942,14
2949,14
2954,14
2959,14
2971,14
2973,14
2994,14
2995,14
2997,14
3012,14
3020,14
3040,14
3053,14
3064,14
3075,14
3077,14
3089,14
3097,14
3105,14
3110,14
3128,14
3130,14
3137,14
3139,14
3145,14
3153,14
3155,14
3156,14
3157,14
3162,14
3166,14
3177,14
3183,14
3184,14
3198,14
3203,14
3214,14
3217,14
3227,14
3233,14
3235,14
3241,14
3251,14
3255,14
3258,14
3262,14
3281,14
3291,14
3293,14
3298,14
3300,14
3309,14
3316,14
3317,14
3318,14
3319,14
3327,14
3328,14
3339,14
3345,14
3353,14
3354,14
3366,14
3369,14
3372,14
3397,14
3407,14
3413,14
3415,14
3421,14
3426,14
3431,14
3434,14
3437,14
3445,14
3449,14
3462,14
3468,14
3469,14
3478,14
3480,14
3481,14
3491,14
3494,14
3495,14
3501,14
3502,14
3538,14
3541,14
3544,14
3545,14
3546,14
3548,14
3549,14
3559,14
3563,14
3565,14
3570,14
3572,14
3573,14
3576,14
3577,14
3598,14
3604,14
3605,14
3606,14
3608,14
3616,14
3620,14
3622,14
3631,14
3642,14
3647,14
3655,14
3658,14
3660,14
3667,14
3668,14
3669,14
3673,14
3681,14
3688,14
3692,14
3695,14
3698,14
3700,14
3702,14
3703,14
3712,14
3723,14
3726,14
3742,14
3743,14
3747,14
3753,14
3755,14
3758,14
3763,14
3765,14
3766,14
3772,14
3787,14
3788,14
3790,14
3794,14
3801,14
3820,14
3823,14
3827,14
3830,14
3832,14
3834,14
3835,14
3836,14
3838,14
3841,14
3842,14
3866,14
3872,14
3875,14
3878,14
3882,14
3888,14
3891,14
3900,14
3902,14
3906,14
3910,14
3919,14
3922,14
3927,14
3929,14
3930,14
3941,14
3945,14
3946,14
3949,14
