1,9
2,9
3,9
4,9
5,9
7,9
8,9
11,9
13,9
17,9
19,9
24,9
27,9
29,9
32,9
33,9
36,9
37,9
43,9
45,9
46,9
52,9
53,9
59,9
61,9
62,9
63,9
72,9
82,9
83,9
85,9
87,9
90,9
91,9
93,9
98,9
100,9
101,9
104,9
109,9
110,9
112,9
114,9
121,9
123,9
124,9
127,9
128,9
129,9
130,9
133,9
138,9
153,9
154,9
156,9
158,9
167,9
168,9
169,9
173,9
179,9
185,9
186,9
188,9
190,9
192,9
195,9
198,9
200,9
206,9
214,9
215,9
218,9
221,9
223,9
224,9
226,9
227,9
229,9
231,9
232,9
236,9
237,9
239,9
245,9
247,9
248,9
254,9
255,9
261,9
262,9
266,9
269,9
271,9
274,9
275,9
276,9
278,9
279,9
280,9
282,9
285,9
290,9
291,9
292,9
294,9
305,9
306,9
310,9
311,9
315,9
316,9
317,9
320,9
331,9
333,9
335,9
337,9
338,9
340,9
341,9
344,9
348,9
354,9
355,9
359,9
361,9
363,9
366,9
367,9
368,9
376,9
379,9
390,9
395,9
396,9
400,9
407,9
409,9
410,9
412,9
413,9
415,9
419,9
424,9
426,9
437,9
438,9
443,9
444,9
450,9
452,9
454,9
460,9
461,9
465,9
466,9
468,9
470,9
474,9
476,9
477,9
487,9
488,9
489,9
490,9
493,9
497,9
501,9
504,9
507,9
509,9
510,9
512,9
515,9
517,9
520,9
522,9
527,9
528,9
536,9
541,9
546,9
548,9
552,9
554,9
555,9
565,9
566,9
570,9
571,9
580,9
582,9
583,9
585,9
591,9
594,9
596,9
602,9
603,9
608,9
611,9
616,9
618,9
621,9
622,9
625,9
634,9
636,9
637,9
638,9
639,9
641,9
642,9
644,9
646,9
647,9
648,9
650,9
651,9
652,9
655,9
656,9
657,9
659,9
660,9
663,9
667,9
668,9
680,9
683,9
685,9
688,9
690,9
691,9
693,9
701,9
703,9
705,9
708,9
711,9
712,9
714,9
718,9
719,9
720,9
724,9
727,9
728,9
737,9
740,9
742,9
743,9
746,9
747,9
748,9
753,9
758,9
760,9
764,9
767,9
769,9
773,9
777,9
779,9
787,9
788,9
793,9
798,9
803,9
808,9
809,9
812,9
815,9
820,9
821,9
824,9
826,9
827,9
833,9
837,9
838,9
839,9
841,9
842,9
845,9
850,9
851,9
856,9
866,9
867,9
868,9
873,9
882,9
888,9
890,9
891,9
894,9
895,9
898,9
900,9
901,9
911,9
912,9
914,9
916,9
917,9
920,9
921,9
922,9
923,9
924,9
925,9
926,9
927,9
928,9
929,9
930,9
932,9
934,9
937,9
938,9
941,9
942,9
943,9
947,9
948,9
949,9
951,9
952,9
953,9
955,9
961,9
969,9
970,9
973,9
975,9
976,9
977,9
987,9
990,9
995,9
996,9
997,9
998,9
1000,9
1001,9
1002,9
1003,9
1004,9
1006,9
1007,9
1009,9
1012,9
1013,9
1014,9
1016,9
1020,9
1023,9
1024,9
1029,9
1030,9
1034,9
1037,9
1038,9
1042,9
1046,9
1047,9
1048,9
1049,9
1050,9
1053,9
1055,9
1057,9
1058,9
1059,9
1061,9
1062,9
1063,9
1067,9
1069,9
1070,9
1072,9
1073,9
1076,9
1078,9
1082,9
1083,9
1085,9
1093,9
1095,9
1096,9
1097,9
1098,9
1099,9
1102,9
1106,9
1111,9
1112,9
1113,9
1114,9
1116,9
1118,9
1125,9
1130,9
1133,9
1139,9
1140,9
1141,9
1142,9
1143,9
1144,9
1145,9
1150,9
1153,9
1154,9
1156,9
1157,9
1160,9
1162,9
1163,9
1164,9
1165,9
1166,9
1167,9
1169,9
1170,9
1173,9
1174,9
1178,9
1179,9
1180,9
1181,9
1182,9
1184,9
1188,9
1190,9
1194,9
1195,9
1196,9
1197,9
1199,9
1200,9
1201,9
1203,9
1204,9
1206,9
1209,9
1211,9
1217,9
1218,9
1219,9
1220,9
1221,9
1223,9
1224,9
1226,9
1228,9
1230,9
1231,9
1232,9
1233,9
1235,9
1237,9
1239,9
1243,9
1246,9
1249,9
1253,9
1255,9
1256,9
1258,9
1259,9
1261,9
1263,9
1264,9
1265,9
1266,9
1268,9
1270,9
1271,9
1272,9
1274,9
1275,9
1276,9
1277,9
1279,9
1280,9
1286,9
1287,9
1288,9
1289,9
1291,9
1293,9
1294,9
1299,9
1301,9
1302,9
1304,9
1305,9
1307,9
1309,9
1312,9
1313,9
1314,9
1315,9
1321,9
1324,9
1325,9
1328,9
1329,9
1332,9
1333,9
1334,9
1335,9
1336,9
1337,9
1348,9
1349,9
1350,9
1354,9
1355,9
1357,9
1358,9
1361,9
1369,9
1370,9
1372,9
1373,9
1376,9
1378,9
1379,9
1382,9
1385,9
1386,9
1393,9
1404,9
1407,9
1414,9
1415,9
1421,9
1422,9
1423,9
1424,9
1426,9
1427,9
1428,9
1429,9
1434,9
1437,9
1438,9
1442,9
1443,9
1445,9
1446,9
1448,9
1450,9
1452,9
1455,9
1456,9
1457,9
1460,9
1461,9
1463,9
1465,9
1469,9
1473,9
1478,9
1480,9
1484,9
1486,9
1487,9
1488,9
1489,9
1490,9
1491,9
1492,9
1493,9
1498,9
1501,9
1503,9
1505,9
1509,9
1510,9
1511,9
1512,9
1515,9
1519,9
1521,9
1525,9
1526,9
1530,9
1531,9
1534,9
1537,9
1540,9
1541,9
1542,9
1544,9
1545,9
1546,9
1549,9
1551,9
1552,9
1553,9
1554,9
1555,9
1559,9
1562,9
1563,9
1566,9
1568,9
1574,9
1575,9
1577,9
1579,9
1581,9
1583,9
1584,9
1589,9
1592,9
1595,9
1598,9
1599,9
1601,9
1602,9
1603,9
1605,9
1607,9
1612,9
1617,9
1618,9
1625,9
1626,9
1628,9
1630,9
1636,9
1637,9
1638,9
1640,9
1643,9
1647,9
1648,9
1649,9
1652,9
1653,9
1654,9
1657,9
1660,9
1661,9
1668,9
1669,9
1671,9
1672,9
1673,9
1676,9
1677,9
1680,9
1682,9
1685,9
1686,9
1689,9
1690,9
1691,9
1695,9
1699,9
1702,9
1703,9
1706,9
1708,9
1709,9
1715,9
1720,9
1722,9
1726,9
1727,9
1730,9
1733,9
1734,9
1735,9
1737,9
1739,9
1740,9
1743,9
1746,9
1751,9
1755,9
1756,9
1762,9
1763,9
1764,9
1766,9
1767,9
1768,9
1771,9
1773,9
1775,9
1776,9
1778,9
1779,9
1782,9
1784,9
1786,9
1788,9
1789,9
1793,9
1797,9
1799,9
1805,9
1806,9
1808,9
1810,9
1812,9
1814,9
1815,9
1816,9
1817,9
1818,9
1820,9
1821,9
1823,9
1825,9
1829,9
1830,9
1831,9
1834,9
1839,9
1841,9
1843,9
1846,9
1847,9
1852,9
1853,9
1855,9
1856,9
1857,9
1858,9
1860,9
1862,9
1865,9
1866,9
1867,9
1868,9
1870,9
1873,9
1874,9
1875,9
1876,9
1877,9
1879,9
1881,9
1882,9
1884,9
1885,9
1890,9
1892,9
1893,9
1895,9
1897,9
1898,9
1900,9
1903,9
1904,9
1905,9
1906,9
1909,9
1910,9
1912,9
1913,9
1914,9
1915,9
1919,9
1921,9
1924,9
1927,9
1928,9
1929,9
1930,9
1935,9
1943,9
1944,9
1946,9
1952,9
1954,9
1955,9
1957,9
1958,9
1960,9
1961,9
1966,9
1967,9
1968,9
1969,9
1970,9
1975,9
1977,9
1978,9
1982,9
1984,9
1985,9
1986,9
1987,9
1988,9
1989,9
1991,9
1995,9
1996,9
1997,9
1998,9
2002,9
2003,9
2006,9
2008,9
2011,9
2013,9
2014,9
2017,9
2018,9
2019,9
2020,9
2021,9
2025,9
2027,9
2028,9
2031,9
2032,9
2033,9
2035,9
2036,9
2037,9
2039,9
2040,9
2041,9
2043,9
2044,9
2047,9
2048,9
2049,9
2050,9
2051,9
2054,9
2055,9
2057,9
2059,9
2060,9
2062,9
2064,9
2065,9
2066,9
2070,9
2071,9
2072,9
2073,9
2074,9
2075,9
2076,9
2077,9
2078,9
2079,9
2084,9
2087,9
2089,9
2091,9
2093,9
2094,9
2095,9
2096,9
2099,9
2100,9
2103,9
2104,9
2105,9
2106,9
2107,9
2108,9
2110,9
2115,9
2118,9
2120,9
2121,9
2122,9
2123,9
2124,9
2125,9
2126,9
2127,9
2128,9
2137,9
2139,9
2141,9
2142,9
2143,9
2146,9
2147,9
2149,9
2150,9
2153,9
2155,9
2156,9
2157,9
2158,9
2159,9
2160,9
2161,9
2162,9
2164,9
2165,9
2167,9
2170,9
2175,9
2176,9
2177,9
2178,9
2179,9
2180,9
2181,9
2182,9
2185,9
2187,9
2188,9
2189,9
2190,9
2191,9
2193,9
2199,9
2201,9
2205,9
2208,9
2213,9
2214,9
2215,9
2220,9
2221,9
2227,9
2228,9
2230,9
2234,9
2235,9
2236,9
2237,9
2238,9
2243,9
2245,9
2248,9
2249,9
2250,9
2253,9
2256,9
2258,9
2259,9
2261,9
2262,9
2263,9
2264,9
2265,9
2266,9
2268,9
2271,9
2273,9
2274,9
2276,9
2277,9
2279,9
2282,9
2286,9
2287,9
2289,9
2290,9
2292,9
2293,9
2294,9
2296,9
2297,9
2300,9
2301,9
2305,9
2306,9
2307,9
2308,9
2312,9
2313,9
2315,9
2316,9
2317,9
2319,9
2320,9
2324,9
2326,9
2329,9
2330,9
2331,9
2332,9
2334,9
2336,9
2338,9
2339,9
2340,9
2341,9
2344,9
2345,9
2347,9
2348,9
2350,9
2352,9
2354,9
2358,9
2359,9
2361,9
2363,9
2364,9
2368,9
2370,9
2372,9
2373,9
2374,9
2375,9
2376,9
2378,9
2379,9
2380,9
2382,9
2383,9
2384,9
2387,9
2392,9
2397,9
2398,9
2404,9
2409,9
2411,9
2412,9
2415,9
2417,9
2419,9
2421,9
2422,9
2426,9
2428,9
2429,9
2430,9
2431,9
2433,9
2436,9
2441,9
2443,9
2444,9
2446,9
2447,9
2449,9
2450,9
2452,9
2453,9
2455,9
2456,9
2457,9
2459,9
2461,9
2463,9
2467,9
2468,9
2470,9
2471,9
2472,9
2474,9
2475,9
2477,9
2478,9
2479,9
2480,9
2482,9
2483,9
2487,9
2488,9
2489,9
2492,9
2493,9
2494,9
2496,9
2497,9
2498,9
2499,9
2500,9
2501,9
2504,9
2505,9
2507,9
2508,9
2509,9
2510,9
2512,9
2513,9
2515,9
2519,9
2520,9
2521,9
2523,9
2525,9
2526,9
2527,9
2529,9
2530,9
2533,9
2536,9
2537,9
2539,9
2541,9
2543,9
2545,9
2547,9
2548,9
2551,9
2554,9
2556,9
2557,9
2558,9
2560,9
2562,9
2564,9
2565,9
2566,9
2569,9
2570,9
2572,9
2573,9
2575,9
2579,9
2580,9
2581,9
2582,9
2583,9
2584,9
2585,9
2587,9
2589,9
2591,9
2592,9
2596,9
2598,9
2600,9
2603,9
2604,9
2605,9
2606,9
2607,9
2612,9
2613,9
2615,9
2617,9
2619,9
2622,9
2623,9
2625,9
2627,9
2628,9
2630,9
2632,9
2633,9
2634,9
2635,9
2637,9
2640,9
2641,9
2643,9
2645,9
2646,9
2647,9
2648,9
2650,9
2653,9
2658,9
2659,9
2661,9
2662,9
2665,9
2666,9
2669,9
2670,9
2673,9
2678,9
2679,9
2680,9
2684,9
2686,9
2687,9
2688,9
2689,9
2690,9
2692,9
2695,9
2697,9
2699,9
2700,9
2701,9
2703,9
2705,9
2706,9
2707,9
2712,9
2714,9
2720,9
2722,9
2724,9
2725,9
2728,9
2729,9
2731,9
2735,9
2737,9
2742,9
2744,9
2747,9
2750,9
2752,9
2754,9
2756,9
2757,9
2758,9
2760,9
2762,9
2765,9
2766,9
2769,9
2770,9
2772,9
2773,9
2774,9
2775,9
2777,9
2778,9
2779,9
2780,9
2783,9
2784,9
2785,9
2786,9
2788,9
2791,9
2792,9
2793,9
2795,9
2797,9
2798,9
2799,9
2800,9
2801,9
2804,9
2805,9
2807,9
2808,9
2811,9
2814,9
2815,9
2818,9
2819,9
2823,9
2825,9
2830,9
2832,9
2833,9
2834,9
2835,9
2836,9
2837,9
2838,9
2843,9
2845,9
2848,9
2849,9
2850,9
2852,9
2853,9
2855,9
2857,9
2860,9
2861,9
2865,9
2866,9
2868,9
2870,9
2872,9
2873,9
2875,9
2877,9
2879,9
2880,9
2883,9
2884,9
2885,9
2887,9
2888,9
2889,9
2890,9
2892,9
2893,9
2894,9
2896,9
2898,9
2899,9
2903,9
2904,9
2906,9
2911,9
2913,9
2914,9
2920,9
2922,9
2924,9
2927,9
2929,9
2930,9
2931,9
2932,9
2933,9
2934,9
2936,9
2937,9
2940,9
2941,9
2943,9
2945,9
2949,9
2951,9
2953,9
2956,9
2957,9
2959,9
2960,9
2961,9
2962,9
2965,9
2966,9
2968,9
2970,9
2975,9
2976,9
2978,9
2980,9
2981,9
2983,9
2984,9
2987,9
2988,9
2989,9
2990,9
2992,9
2993,9
2994,9
2996,9
2998,9
2999,9
3001,9
3002,9
3007,9
3008,9
3012,9
3013,9
3014,9
3015,9
3016,9
3017,9
3018,9
3020,9
3022,9
3023,9
3025,9
3026,9
3027,9
3031,9
3032,9
3035,9
3039,9
3040,9
3041,9
3042,9
3043,9
3044,9
3045,9
3049,9
3050,9
3052,9
3053,9
3054,9
3055,9
3056,9
3057,9
3059,9
3061,9
3064,9
3065,9
3066,9
3067,9
3068,9
3072,9
3074,9
3078,9
3080,9
3082,9
3083,9
3084,9
3085,9
3086,9
3087,9
3088,9
3089,9
3090,9
3091,9
3093,9
3094,9
3095,9
3096,9
3098,9
3099,9
3100,9
3101,9
3104,9
3109,9
3110,9
3111,9
3115,9
3116,9
3117,9
3118,9
3122,9
3125,9
3126,9
3130,9
3131,9
3133,9
3134,9
3136,9
3138,9
3139,9
3142,9
3143,9
3146,9
3147,9
3149,9
3151,9
3153,9
3154,9
3155,9
3159,9
3160,9
3161,9
3162,9
3164,9
3165,9
3166,9
3167,9
3169,9
3170,9
3173,9
3174,9
3175,9
3176,9
3177,9
3178,9
3179,9
3185,9
3189,9
3190,9
3191,9
3192,9
3194,9
3195,9
3197,9
3198,9
3199,9
3200,9
3202,9
3203,9
3205,9
3207,9
3208,9
3209,9
3210,9
3212,9
3214,9
3215,9
3216,9
3217,9
3222,9
3224,9
3225,9
3226,9
3227,9
3231,9
3232,9
3233,9
3234,9
3239,9
3241,9
3246,9
3248,9
3249,9
3251,9
3252,9
3259,9
3262,9
3263,9
3264,9
3265,9
3266,9
3267,9
3271,9
3273,9
3274,9
3275,9
3278,9
3280,9
3281,9
3284,9
3285,9
3287,9
3289,9
3290,9
3292,9
3297,9
3299,9
3304,9
3305,9
3306,9
3308,9
3309,9
3310,9
3312,9
3315,9
3318,9
3323,9
3324,9
3327,9
3328,9
3331,9
3332,9
3334,9
3335,9
3338,9
3339,9
3341,9
3342,9
3343,9
3344,9
3346,9
3347,9
3348,9
3354,9
3355,9
3357,9
3358,9
3359,9
3360,9
3361,9
3362,9
3363,9
3364,9
3365,9
3366,9
3367,9
3368,9
3369,9
3374,9
3375,9
3376,9
3378,9
3379,9
3380,9
3383,9
3384,9
3385,9
3386,9
3387,9
3388,9
3389,9
3391,9
3392,9
3393,9
3394,9
3396,9
3398,9
3403,9
3404,9
3405,9
3406,9
3407,9
3408,9
3409,9
3413,9
3414,9
3415,9
3416,9
3420,9
3422,9
3423,9
3424,9
3426,9
3427,9
3428,9
3429,9
3432,9
3436,9
3437,9
3440,9
3441,9
3442,9
3443,9
3445,9
3448,9
3449,9
3450,9
3451,9
3454,9
3456,9
3457,9
3458,9
3459,9
3461,9
3462,9
3464,9
3467,9
3468,9
3469,9
3470,9
3471,9
3476,9
3477,9
3478,9
3479,9
3481,9
3483,9
3488,9
3489,9
3490,9
3492,9
3493,9
3497,9
3500,9
3501,9
3504,9
3505,9
3507,9
3508,9
3510,9
3512,9
3515,9
3517,9
3518,9
3519,9
3521,9
3522,9
3523,9
3524,9
3525,9
3526,9
3527,9
3528,9
3530,9
3532,9
3538,9
3539,9
3540,9
3541,9
3542,9
3543,9
3544,9
3546,9
3548,9
3551,9
3552,9
3553,9
3555,9
3556,9
3557,9
3559,9
3560,9
3561,9
3562,9
3563,9
3564,9
3566,9
3567,9
3568,9
3570,9
3571,9
3576,9
3580,9
3583,9
3584,9
3585,9
3586,9
3587,9
3588,9
3589,9
3594,9
3595,9
3597,9
3598,9
3599,9
3602,9
3603,9
3604,9
3607,9
3609,9
3613,9
3614,9
3615,9
3617,9
3618,9
3620,9
3622,9
3625,9
3630,9
3631,9
3632,9
3633,9
3635,9
3636,9
3638,9
3639,9
3640,9
3641,9
3642,9
3643,9
3644,9
3645,9
3647,9
3648,9
3650,9
3652,9
3654,9
3656,9
3657,9
3658,9
3660,9
3661,9
3662,9
3663,9
3664,9
3666,9
3667,9
3668,9
3671,9
3673,9
3676,9
3677,9
3678,9
3679,9
3680,9
3683,9
3684,9
3685,9
3686,9
3687,9
3688,9
3689,9
3693,9
3697,9
3698,9
3699,9
3701,9
3702,9
3703,9
3704,9
3705,9
3706,9
3707,9
3709,9
3712,9
3714,9
3718,9
3720,9
3722,9
3723,9
3724,9
3725,9
3726,9
3727,9
3729,9
3730,9
3733,9
3734,9
3736,9
3737,9
3738,9
3740,9
3741,9
3742,9
3744,9
3745,9
3747,9
3750,9
3751,9
3752,9
3753,9
3754,9
3758,9
3759,9
3762,9
3763,9
3764,9
3766,9
3770,9
3776,9
3777,9
3778,9
3779,9
3782,9
3783,9
3785,9
3786,9
3790,9
3791,9
3792,9
3793,9
3796,9
3797,9
3800,9
3802,9
3803,9
3805,9
3806,9
3810,9
3811,9
3812,9
3813,9
3814,9
3815,9
3818,9
3819,9
3820,9
3822,9
3823,9
3824,9
3830,9
3831,9
3834,9
3835,9
3838,9
3840,9
3847,9
3848,9
3854,9
3855,9
3856,9
3857,9
3860,9
3861,9
3862,9
3864,9
3868,9
3870,9
3871,9
3872,9
3873,9
3875,9
3876,9
3877,9
3878,9
3880,9
3881,9
3882,9
3883,9
3884,9
3886,9
3889,9
3890,9
3895,9
3896,9
3899,9
3900,9
3903,9
3904,9
3905,9
3906,9
3907,9
3909,9
3910,9
3911,9
3912,9
3916,9
3918,9
3919,9
3924,9
3925,9
3926,9
3927,9
3928,9
3930,9
3931,9
3932,9
3935,9
3936,9
3938,9
3939,9
3940,9
3942,9
3946,9
3947,9
3948,9
3949,9
3950,9
3951,9
3952,9
